k,x_zero,x_t,Component A,Component B,Fatigue
2.8928197874,0.962642873,0.6543174883,0.3456845564,1.8928166626,2.423786938
0.8925365841,0.4573446042,8.835e-07,0.9999990101,8.835e-07,0.4573437207
0.5419178728,0.9957685037,0.0,1.0,0.0,0.9957685037
0.6390994713,0.5847586038,0.0,1.0,0.0,0.5847586038
1.3854399272,0.560951373,0.2782076073,0.7217923927,0.3854399272,0.2827437657
0.8187899914,0.5257952644,2e-10,0.9999999997,2e-10,0.5257952642
1.4556289772,0.1742464031,0.3130117525,0.6869882475,0.4556289772,0.1387653494
0.335201115,0.9328249034,0.0,1.0,0.0,0.9328249034
1.7837798457,0.5693080755,0.4393927017,0.5606072983,0.7837798457,0.1339480175
0.4608436176,0.5502977294,0.0,1.0,0.0,0.5502977294
1.6740437299,0.0686744399,0.4026440396,0.5973559604,0.6740437299,0.3339695997
0.5540067638,0.9761972586,0.0,1.0,0.0,0.9761972586
2.972604956,0.8540812774,0.6653591809,0.3382296102,1.9671819405,2.7099390625
2.2643824256,0.6329675748,0.5583784838,0.4416215162,1.2643824256,0.1562433489
1.9897290245,0.8199517414,0.4974190014,0.5025809986,0.9897290245,0.7298798364
0.645724742,0.3412342884,0.0,1.0,0.0,0.3412342884
2.0014301299,0.2312916415,0.500357277,0.499642723,1.0014301299,0.2690656866
2.6301728086,0.749529404,0.619796845,0.380203155,1.6301728086,0.5970090899
2.8310463768,0.8244407617,0.6467737135,0.3532262876,1.831046375,1.115650634
2.2423664871,0.3117575583,0.5540425681,0.4459574319,1.2423664871,0.2576497761
1.8836037131,0.5394876949,0.4691027667,0.5308972333,0.8836037131,0.0726627289
2.9670542098,0.611641605,0.6616758834,0.3357066118,1.9709944941,2.2963148756
1.3047103694,0.027355162,0.233546369,0.766453631,0.3047103694,0.2061912071
1.2270643845,0.9290283542,0.1850468381,0.8149531619,0.2270643845,0.9522630186
0.2368395849,0.2744042227,0.0,1.0,0.0,0.2744042227
1.8652350943,0.9033191393,0.4638745523,0.5361254477,0.8652350943,1.0413980324
0.9607990872,0.1898711365,0.0005804886,0.9993954619,0.0005808397,0.1892906479
0.1822605757,0.4093938394,0.0,1.0,0.0,0.4093938394
2.7427884423,0.1361656587,0.6354075347,0.3645924653,1.7427884423,0.6856596678
1.7045454927,0.360082136,0.4133333465,0.5866666535,0.7045454927,0.0532512104
1.5143156153,0.30140452,0.3396356811,0.6603643189,0.5143156153,0.0382311611
0.7720031153,0.1813729458,0.0,1.0,0.0,0.1813729458
2.0715228637,0.8230050624,0.5172633537,0.4827366463,1.0715228637,0.7376866758
2.461854328,0.0743596957,0.5938021236,0.4061978764,1.461854328,0.5710954731
0.0708861548,0.7373897042,0.0,1.0,0.0,0.7373897042
0.6736106654,0.1511681698,0.0,1.0,0.0,0.1511681698
2.8183924527,0.1808897026,0.6451878096,0.3548121907,1.8183924523,0.9237132943
0.3059081118,0.8521526215,0.0,1.0,0.0,0.8521526215
0.4896424154,1.54979e-05,0.0,1.0,0.0,1.54979e-05
0.492323545,0.0568293045,0.0,1.0,0.0,0.0568293045
2.5895088996,0.896694312,0.61382639,0.38617361,1.5895088996,1.1925003274
0.4300413646,0.2707903542,0.0,1.0,0.0,0.2707903542
2.5862042852,0.6851781406,0.6133329429,0.3866670571,1.5862042852,0.3065064891
0.1315681317,0.6232077443,0.0,1.0,0.0,0.6232077443
0.4687177487,0.6675832227,0.0,1.0,0.0,0.6675832227
0.5657365231,0.1575069193,0.0,1.0,0.0,0.1575069193
1.8854571389,0.0911668426,0.4696246447,0.5303753553,0.8854571389,0.378457802
0.1119601267,0.1540302499,0.0,1.0,0.0,0.1540302499
1.3609726369,0.669757637,0.2652313699,0.7347686301,0.3609726369,0.4045262671
0.3452661031,0.4529706479,0.0,1.0,0.0,0.4529706479
0.6028936267,0.9744371895,0.0,1.0,0.0,0.9744371895
1.1367268094,0.0728480927,0.1202811165,0.8797188891,0.1367267635,0.0474330238
2.3776682012,0.5948794009,0.5794198705,0.4205801295,1.3776682012,0.03577153
1.2518342392,0.0505291374,0.201172193,0.798827807,0.2518342392,0.1506430556
2.2731944531,0.8465575307,0.5600904275,0.4399095725,1.2731944531,0.8343671244
1.5422436688,0.9600287386,0.3515940313,0.6484059687,0.5422436688,1.1932600109
0.1937286363,0.0499312951,0.0,1.0,0.0,0.0499312951
1.2761079966,0.5036692157,0.2163672646,0.7836327354,0.2761079966,0.2873019511
1.646493592,0.7274766427,0.3926487143,0.6073512857,0.646493592,0.4672762342
1.2937475194,0.0861814609,0.2270516581,0.7729483419,0.2937475194,0.1408701972
2.6453703936,0.111301585,0.6219811024,0.3780188976,1.6453703936,0.7434919808
2.4342073211,0.5916260019,0.5891886483,0.4108113517,1.4342073211,0.0062211242
0.8518795914,0.8598555082,7.6e-09,0.9999999911,7.6e-09,0.8598555005
0.8994718044,0.7184564643,1.7216e-06,0.999998086,1.7216e-06,0.7184547426
1.0750275549,0.1999329323,0.0698083408,0.9301902754,0.0750473776,0.1301245915
1.1947054051,0.2649932966,0.1629735702,0.8370264298,0.1947054052,0.1020197265
0.324836185,0.5525017518,0.0,1.0,0.0,0.5525017518
0.9119889242,0.8587274132,5.2271e-06,0.9999942684,5.2272e-06,0.8587221861
0.3351554493,0.7968223559,0.0,1.0,0.0,0.7968223559
0.7408872124,0.3333556904,0.0,1.0,0.0,0.3333556904
2.0532815563,0.6996494003,0.5129747321,0.4870252679,1.0532815563,0.3503424158
2.0604616322,0.6381233968,0.5146718656,0.4853281344,1.0604616322,0.201279325
1.911899678,0.7473345334,0.476960004,0.523039996,0.911899678,0.5022632202
2.4180958095,0.432606916,0.5864514565,0.4135485435,1.4180958095,0.1785624979
1.9651151019,0.1193830017,0.4911239555,0.5088760445,0.9651151019,0.3717409538
2.373645317,0.1575654496,0.5787070659,0.4212929341,1.373645317,0.468288672
2.6302648138,0.1225342585,0.6198101443,0.3801898557,1.6302648138,0.6957204383
1.2808874827,0.9197702481,0.2192913011,0.7807086989,0.2808874827,0.9500206461
1.7897106004,0.8011815804,0.4412504459,0.5587495541,0.7897106004,0.6722672559
1.4999500187,0.3491778031,0.3333111187,0.6666888813,0.4999500187,0.0158666845
1.528277604,0.2027731445,0.3456686159,0.6543313841,0.528277604,0.1428954713
1.273414415,0.6317132685,0.2147096905,0.7852903095,0.273414415,0.417003578
1.6629146811,0.7376856088,0.3986462376,0.6013537624,0.6629146811,0.4927654019
2.4512645361,0.7427247527,0.5920472943,0.4079527057,1.4512645361,0.4671213684
1.39956625,0.1135389942,0.2854929161,0.7145070839,0.39956625,0.171953922
1.5839217678,0.4462928839,0.3686556872,0.6313443128,0.5839217678,0.0776371967
1.9347946507,0.9706898463,0.4831492843,0.5168507157,0.9347946507,1.34374518
0.9158946631,0.7166990072,9.2298e-06,0.9999899225,9.2299e-06,0.7166897774
1.0660860901,0.7026693804,0.0620362586,0.9379604262,0.0661395267,0.6406331218
1.2009094276,0.0249241444,0.1672977351,0.832702265,0.2009094272,0.1423735907
1.6633089105,0.9087226188,0.3987887676,0.6012112324,0.6633089105,1.0315823403
2.2387041481,0.9063818209,0.5533130178,0.4466869822,1.2387041481,1.0965248081
1.0429422195,0.3249544022,0.04158229,0.9583991971,0.0433872337,0.2833721123
1.9830312251,0.4595043595,0.4957215059,0.5042784941,0.9830312251,0.0362171464
1.9543953635,0.6844979441,0.4883328017,0.5116671983,0.9543953635,0.3286863122
1.0134225283,0.3873024918,0.0174013948,0.9825236599,0.0177109168,0.369901097
1.617655482,0.8299477974,0.3818214007,0.6181785993,0.617655482,0.7551553613
1.7820745044,0.5014125202,0.4388562333,0.5611437667,0.7820745044,0.0625562869
0.1302044184,0.3086352938,0.0,1.0,0.0,0.3086352938
1.0337853436,0.5373373976,0.0335866313,0.9663807672,0.0347550701,0.5037507663
1.798263958,0.9344161151,0.4439081117,0.5560918883,0.798263958,1.1579195052
1.3431287058,0.2306518194,0.2554697136,0.7445302864,0.3431287058,0.0248178942
0.596497536,0.2277805391,0.0,1.0,0.0,0.2277805391
0.9930544179,0.9124264645,0.0058328602,0.9940914327,0.0058675289,0.9065936043
2.1055258471,0.9684278234,0.5250592619,0.4749407381,1.1055258471,1.36754051
2.8902238619,0.8784100183,0.6540056696,0.3459935445,1.8902250636,1.4568461001
1.1261515798,0.947193813,0.1120198764,0.8879801516,0.1261513292,0.94655868
0.0883532566,0.6611792023,0.0,1.0,0.0,0.6611792023
0.512549348,0.1367308371,0.0,1.0,0.0,0.1367308371
0.897649918,0.2496117184,1.3896e-06,0.999998452,1.3896e-06,0.2496103288
0.031469337,0.4167800814,0.0,1.0,0.0,0.4167800814
2.3758267201,0.7836199975,0.5790938828,0.4209061172,1.3758267201,0.5657459031
1.7017432129,0.5979005027,0.4123672758,0.5876327242,0.7017432129,0.1920169164
1.934674184,0.0158116854,0.4831171015,0.5168828985,0.934674184,0.467305416
1.9923141898,0.3591904482,0.498071135,0.501928865,0.9923141898,0.1388806868
2.9561846252,0.2341063046,0.6623647522,0.3389431312,1.9542061519,3.1399743829
1.2265933235,0.9079909426,0.1847338634,0.8152661366,0.2265933234,0.8877772754
0.1674156979,0.2068511654,0.0,1.0,0.0,0.2068511654
2.8617668904,0.9994425389,0.6505655914,0.3494345438,1.8617666825,2.4866943568
1.2288746571,0.4568968248,0.1862473571,0.8137526429,0.2288746571,0.2706494677
2.4759160308,0.8066148598,0.5961090814,0.4038909186,1.4759160308,0.6463220306
0.0403697259,0.1232564489,0.0,1.0,0.0,0.1232564489
1.4647957406,0.3572754027,0.3173109586,0.6826890414,0.4647957406,0.0399644441
1.0893247316,0.6482954548,0.0820047419,0.9179948023,0.08933029,0.566290713
0.1533589119,0.1334416886,0.0,1.0,0.0,0.1334416886
0.8877968476,0.7950266725,4.662e-07,0.9999994749,4.662e-07,0.7950262063
0.5116503998,0.6906899737,0.0,1.0,0.0,0.6906899737
0.9094473582,0.8270941668,4.2944e-06,0.999995278,4.2945e-06,0.8270898724
1.9913848934,0.9734795358,0.4978369057,0.5021630943,0.9913848934,1.3684927592
0.3942012589,0.477143849,0.0,1.0,0.0,0.477143849
2.1627016779,0.7435471208,0.537615377,0.462384623,1.1627016779,0.4607048077
2.7927180101,0.7488226879,0.6419258957,0.3580741043,1.7927180101,0.8866330515
2.448718116,0.7550982611,0.5916230646,0.4083769354,1.448718116,0.497495823
0.9899712337,0.8315412987,0.0051151579,0.9948060466,0.0051418645,0.8264261408
2.5024133752,0.4581987934,0.6003857676,0.3996142324,1.5024133752,0.2292344296
1.2442973978,0.8535505847,0.1963336082,0.8036663918,0.2442973978,0.738804906
2.8817658626,0.1649805271,0.6529907077,0.3470096384,1.8817653326,1.1243040058
1.7077053855,0.358049018,0.4144188989,0.5855811011,0.7077053855,0.0563698809
1.116332299,0.2962777908,0.1042096301,0.8957903372,0.1163326124,0.1920681607
0.5186545072,0.8727277761,0.0,1.0,0.0,0.8727277761
2.3099233492,0.5727673132,0.567085202,0.432914798,1.3099233492,0.0109814584
1.3544481889,0.1631315882,0.2616919509,0.7383080491,0.3544481889,0.0985603627
0.7111144234,0.7788335473,0.0,1.0,0.0,0.7788335473
0.715482772,0.6923455259,0.0,1.0,0.0,0.6923455259
1.211174684,0.7810037336,0.1743552658,0.8256447342,0.211174684,0.6066484678
2.2268788211,0.1194867508,0.5509409895,0.4490590105,1.2268788211,0.4397097753
1.8961831462,0.8417138219,0.4726247821,0.5273752179,0.8961831462,0.8090753327
1.6336343813,0.8911786058,0.3878679272,0.6121320728,0.6336343813,0.9621891007
2.2496541771,0.9713695421,0.5554872344,0.4445127656,1.2496541771,1.4043010844
2.2662974106,0.2311736326,0.5587516469,0.4412483531,1.2662974106,0.336361668
2.6755816388,0.5260023355,0.6262494908,0.3737505092,1.6755816388,0.3661811281
0.3489040239,0.2990327693,0.0,1.0,0.0,0.2990327693
2.1978575861,0.3145206319,0.5450114665,0.4549885335,1.1978575861,0.2378925661
2.0886896208,0.2401820334,0.5212309239,0.4787690761,1.0886896208,0.282872698
1.3505768182,0.3902183092,0.2595756224,0.7404243776,0.3505768182,0.1306426868
0.3200301505,0.8642528118,0.0,1.0,0.0,0.8642528118
0.2004776251,0.3765250817,0.0,1.0,0.0,0.3765250817
1.200734555,0.116450535,0.1671764622,0.8328235378,0.200734555,0.0507259272
1.5969551626,0.5285121826,0.3738083427,0.6261916573,0.5969551626,0.1547038399
0.8902766939,0.1923907925,5.961e-07,0.9999993304,5.961e-07,0.1923901964
0.7115190364,0.3583300591,0.0,1.0,0.0,0.3583300591
0.1276654686,0.5604065493,0.0,1.0,0.0,0.5604065493
1.0954387155,0.5351743855,0.0871262777,0.9128734543,0.0954417913,0.4480481078
1.7613870807,0.8187128504,0.4322656213,0.5677343787,0.7613870807,0.7281208659
2.3861822005,0.226525065,0.5809205182,0.4190794818,1.3861822005,0.3548799431
0.4812976316,0.3136200363,0.0,1.0,0.0,0.3136200363
0.8450729224,0.9561155601,1.7e-09,0.999999998,1.7e-09,0.9561155585
0.1903976171,0.6073302732,0.0,1.0,0.0,0.6073302732
0.6651375325,0.0612779674,0.0,1.0,0.0,0.0612779674
2.4206480032,0.2048473588,0.5868874786,0.4131125214,1.4206480032,0.3942280123
2.9222516011,0.0766717716,0.6577753933,0.3421772452,1.9223235985,2.2556111245
0.1267430152,0.0618759417,0.0,1.0,0.0,0.0618759417
2.5275229398,0.0448623687,0.6043557175,0.3956442825,1.5275229398,0.6685583684
2.5382876201,0.5414747045,0.6060336141,0.3939663859,1.5382876201,0.1738188642
0.1485407382,0.3066369242,0.0,1.0,0.0,0.3066369242
0.7721519422,0.242667958,0.0,1.0,0.0,0.242667958
0.6135555014,0.832845629,0.0,1.0,0.0,0.832845629
2.7775035144,0.2663902634,0.639964452,0.3600355481,1.7775035144,0.8367361417
1.494579546,0.6855708876,0.3309155055,0.6690844945,0.494579546,0.3721329596
1.8056416203,0.0014075358,0.4461802449,0.5538197551,0.8056416203,0.4447727091
2.5250773706,0.8305758809,0.603972531,0.396027469,1.5250773706,0.774563171
1.7530797603,0.5214887922,0.4295752979,0.5704247021,0.7530797603,0.0919134943
0.5391696449,0.4910016901,0.0,1.0,0.0,0.4910016901
2.8611370723,0.059116276,0.6504885952,0.3495113765,1.8611371158,0.9687247431
0.9405218665,0.5939624586,0.0001033524,0.9998900996,0.0001033637,0.5938591063
2.5082759158,0.0974806044,0.6013197776,0.3986802224,1.5082759158,0.5620164312
0.3381561032,0.9743626604,0.0,1.0,0.0,0.9743626604
0.0272160438,0.9673410514,0.0,1.0,0.0,0.9673410514
2.9904724886,0.2815475598,0.6767663295,0.3460762924,1.9555408573,5.0147663659
1.4188397092,0.97936049,0.2951987504,0.7048012496,0.4188397092,1.2171997489
2.806584203,0.4174345721,0.6436949944,0.3563050055,1.806584203,0.6429032803
0.08657234,0.5325211812,0.0,1.0,0.0,0.5325211812
2.0425548805,0.2999181886,0.5104170715,0.4895829285,1.0425548805,0.2109616967
1.4445521903,0.1130566865,0.3077439453,0.6922560547,0.4445521903,0.1946872589
2.1943724626,0.7552504939,0.5442888493,0.4557111507,1.1943724626,0.4944125753
0.8723327571,0.4719277203,1.018e-07,0.9999998832,1.018e-07,0.4719276184
1.2170063716,0.2618829151,0.178311615,0.821688385,0.2170063716,0.0835713001
2.6347716286,0.2681444252,0.6204604645,0.3795395355,1.6347716286,0.5691124492
1.0107796606,0.1771979175,0.0154409986,0.9844828944,0.0156843747,0.1617569189
1.5730643034,0.9900705823,0.3642980787,0.6357019213,0.5730643034,1.3234396231
0.5394855044,0.2722716734,0.0,1.0,0.0,0.2722716734
2.9380745242,0.4473230301,0.659545614,0.3402572744,1.9383732946,2.1364500252
2.0851459232,0.6645162016,0.5204172577,0.4795827423,1.0851459232,0.2555363994
1.3745192223,0.8402507555,0.2724728882,0.7275271118,0.3745192223,0.7437217984
1.1149455624,0.5207940447,0.1030955422,0.8969044165,0.1149459633,0.4176985025
2.1737366535,0.5184704979,0.5399626729,0.4600373271,1.1737366535,0.0281379779
0.507691518,0.6939643216,0.0,1.0,0.0,0.6939643216
0.9026936539,0.4447393893,2.5362e-06,0.9999971905,2.5362e-06,0.4447368531
0.3185091937,0.2948632933,0.0,1.0,0.0,0.2948632933
0.0161642781,0.6957064917,0.0,1.0,0.0,0.6957064917
2.8726467117,0.7420587223,0.6518890607,0.3481111297,1.8726464197,1.222226946
0.9260960123,0.9440280314,1.45942e-05,0.999984241,1.45944e-05,0.9440134372
1.2785768393,0.6623457879,0.2178804048,0.7821195952,0.2785768393,0.4444653831
2.843368839,0.7901260355,0.6483045122,0.3516954949,1.843368828,1.2762159026
0.2446487567,0.2378893821,0.0,1.0,0.0,0.2378893821
1.7087197832,0.4431607329,0.4147665347,0.5852334653,0.7087197832,0.0283941983
1.3203601566,0.3842844212,0.2426308875,0.7573691125,0.3203601566,0.1416535337
1.5209275841,0.349422975,0.3425065003,0.6574934997,0.5209275841,0.0069164747
1.4220349652,0.853755431,0.2967824108,0.7032175892,0.4220349652,0.7954355323
0.0938949052,0.8613666804,0.0,1.0,0.0,0.8613666804
2.5021890026,0.0808831243,0.600349934,0.399650066,1.5021890026,0.541607865
0.2253478482,0.2299151087,0.0,1.0,0.0,0.2299151087
1.9143510834,0.6803618043,0.4776297782,0.5223702218,0.9143510834,0.325365179
0.9404727326,0.9068199646,7.69124e-05,0.9999182128,7.69187e-05,0.9067430522
0.2474139703,0.3427989132,0.0,1.0,0.0,0.3427989132
0.8732591668,0.0282059481,2.99e-08,0.9999999657,2.99e-08,0.0282059182
0.6006196735,0.4458771218,0.0,1.0,0.0,0.4458771218
1.3384214103,0.9414343141,0.2528511631,0.7471488369,0.3384214103,1.0466957504
0.850557748,0.2577818248,8.2e-09,0.9999999903,8.2e-09,0.2577818166
1.4989108926,0.1291992104,0.3328489339,0.6671510661,0.4989108926,0.2036497235
0.287938605,0.7425223674,0.0,1.0,0.0,0.7425223674
1.4831063905,0.271622922,0.325739538,0.674260462,0.4831063905,0.054116616
2.1290638622,0.98293182,0.5303100026,0.4696899974,1.1290638622,1.445020845
1.38160899,0.1123729527,0.2762062152,0.7237937848,0.38160899,0.1638332625
1.7068538144,0.0582257846,0.414126745,0.585873255,0.7068538144,0.3559009605
1.8353930549,0.0928763553,0.4551575765,0.5448424235,0.8353930549,0.3622812212
1.3064904842,0.9206516521,0.2345906747,0.7654093253,0.3064904842,0.9643583509
0.3931212187,0.53852445,0.0,1.0,0.0,0.53852445
0.8771635882,0.3959174393,1.699e-07,0.9999998063,1.699e-07,0.3959172694
0.6350401057,0.8024315087,0.0,1.0,0.0,0.8024315087
1.2254028773,0.1326345829,0.1839418541,0.8160581459,0.2254028773,0.0513072712
2.0662913763,0.7407627976,0.5160411491,0.4839588509,1.0662913763,0.4642196666
1.7448188863,0.5903565367,0.4268746127,0.5731253873,0.7448188863,0.1733121689
1.5377150209,0.4035122051,0.3496844432,0.6503155568,0.5377150209,0.0538277619
2.5362126488,0.5761344938,0.6057112954,0.3942887046,1.5362126488,0.089907904
2.3970163807,0.5027879233,0.5828146991,0.4171853009,1.3970163807,0.1362779755
0.2101220351,0.6689703682,0.0,1.0,0.0,0.6689703682
1.0190493109,0.8284136088,0.021360703,0.9785797711,0.0218282695,0.8070529058
1.566178332,0.8618139656,0.3615031063,0.6384968937,0.566178332,0.8502826673
0.3448917208,0.431112727,0.0,1.0,0.0,0.431112727
1.594218187,0.0206698368,0.3727332882,0.6272667118,0.594218187,0.3520634515
1.8343186686,0.2175552754,0.4548384547,0.5451615453,0.8343186686,0.2372831793
1.8769325451,0.9152903984,0.4672158024,0.5327841976,0.8769325451,1.0914544568
1.7396407106,0.6869906051,0.4251686605,0.5748313395,0.7396407106,0.3639936775
1.664343047,0.2290879082,0.3991623291,0.6008376709,0.664343047,0.1700744208
2.4839823244,0.6723597294,0.5974206458,0.4025793542,1.4839823244,0.2477051567
2.2667569106,0.439327903,0.5588410935,0.4411589065,1.2667569106,0.1198726867
2.4645902503,0.502268395,0.5942530407,0.4057469593,1.4645902503,0.1771297222
1.6452345234,0.9445546876,0.3921839192,0.6078160808,0.6452345234,1.1644130253
2.7811127908,0.1234836011,0.6404316994,0.3595683006,1.7811127908,0.8465561482
1.1033273161,0.6647972682,0.0936517013,0.9063481771,0.1033286145,0.5711455668
1.9387564189,0.8262910528,0.4842054472,0.5157945528,0.9387564189,0.7539409951
2.5593908649,0.817699352,0.6092820312,0.3907179688,1.5593908649,0.6772932778
2.2735182071,0.2268399403,0.5601530716,0.4398469284,1.2735182071,0.3433239751
0.5227638513,0.5600968823,0.0,1.0,0.0,0.5600968823
1.862108682,0.6407358022,0.4629744173,0.5370255827,0.862108682,0.2464198355
2.5758910995,0.3498595731,0.6117848304,0.3882151696,1.5758910995,0.3255731554
2.7564696202,0.7806232344,0.6372171155,0.3627828845,1.7564696202,0.9023666701
0.5976092604,0.4687342413,0.0,1.0,0.0,0.4687342413
2.7943555159,0.1367598644,0.6421357289,0.3578642711,1.7943555159,0.6820851325
2.9133177605,0.9303097005,0.6567403699,0.3432421015,1.9133444501,2.5949964632
0.0325831911,0.42310831,0.0,1.0,0.0,0.42310831
2.0697492538,0.5797803809,0.5168496869,0.4831503131,1.0697492538,0.0892867956
2.4651553388,0.9777563882,0.5943460502,0.4056539498,1.4651553388,1.5482984051
1.7969374985,0.2874762505,0.443497617,0.556502383,0.7969374985,0.1560213666
1.1042559845,0.3827331835,0.0944138586,0.9055860272,0.1042571945,0.2883193249
2.1754972649,0.624317659,0.5403349771,0.4596650229,1.1754972649,0.1522347886
2.5935219901,0.6452174582,0.6144239363,0.3855760637,1.5935219901,0.1284620945
0.6113913577,0.385598845,0.0,1.0,0.0,0.385598845
0.8267923178,0.5567377298,6e-10,0.9999999993,6e-10,0.5567377292
2.9199685632,0.3906348717,0.6575211369,0.3424591984,1.9199984696,1.2055276082
1.896169101,0.7885265892,0.4726208757,0.5273791243,0.896169101,0.6287659404
1.6333789977,0.7255254297,0.3877722186,0.6122277814,0.6333789977,0.4627610781
1.5190810501,0.0779458974,0.3417072776,0.6582927224,0.5190810501,0.2637613802
1.4560184973,0.4738750507,0.3131955385,0.6868044615,0.4560184973,0.1606795123
0.0740258958,0.6300783734,0.0,1.0,0.0,0.6300783734
0.2816031464,0.7728629731,0.0,1.0,0.0,0.7728629731
1.9112300162,0.8148002439,0.4767767398,0.5232232602,0.9112300162,0.7147646822
0.8557622473,0.4589711964,1.63e-08,0.9999999809,1.63e-08,0.45897118
0.8621049924,0.2367171067,2.94e-08,0.9999999659,2.94e-08,0.2367170773
2.12125739,0.267573663,0.5285814891,0.4714185109,1.12125739,0.2638367689
2.4085421174,0.2909350767,0.5848110802,0.4151889198,1.4085421174,0.354385587
0.8033103537,0.3369498992,0.0,1.0,0.0,0.3369498992
0.8578115108,0.1919617076,1.7e-08,0.9999999802,1.7e-08,0.1919616906
1.3670095338,0.4297196016,0.2684762064,0.7315237936,0.3670095338,0.1612433951
1.7292784196,0.6982552801,0.4217241199,0.5782758801,0.7292784196,0.3912793067
2.7989416771,0.2339451552,0.6427221017,0.3572778984,1.798941677,0.9965984627
1.7875020853,0.5113823466,0.4405600932,0.5594399068,0.7875020853,0.0708222534
0.3883839185,0.1208440516,0.0,1.0,0.0,0.1208440516
1.5658693207,0.5463273665,0.3613771042,0.6386228958,0.5658693207,0.1849502622
0.6552482169,0.8149504625,0.0,1.0,0.0,0.8149504625
1.9448066357,0.6156005732,0.4858100638,0.5141899362,0.9448066357,0.1809861371
0.586521409,0.8886407766,0.0,1.0,0.0,0.8886407766
1.153926375,0.9652873944,0.1333935577,0.8666064471,0.153926339,1.0213502517
1.3428499774,0.6968399638,0.2553151753,0.7446848247,0.3428499774,0.4415247885
1.1504741757,0.1508970249,0.1307931812,0.8692068185,0.1504741776,0.0201038437
1.415798095,0.6065104012,0.2936845984,0.7063154016,0.415798095,0.3128258027
0.6307980536,0.9104165157,0.0,1.0,0.0,0.9104165157
0.7431829216,0.0895908157,0.0,1.0,0.0,0.0895908157
2.3625920834,0.1832676456,0.5767360743,0.4232639257,1.3625920834,0.4258976348
1.452185973,0.1337420843,0.3113829643,0.6886170357,0.452185973,0.17764088
0.4604524247,0.1927738902,0.0,1.0,0.0,0.1927738902
0.0128735138,0.9437434879,0.0,1.0,0.0,0.9437434879
1.4045951509,0.2531349239,0.2880510805,0.7119489195,0.4045951509,0.0349161565
1.4426853288,0.9426640552,0.3068481532,0.6931518468,0.4426853288,1.0935621538
2.7927726332,0.9185089123,0.6419328992,0.3580671008,1.7927726332,1.666299526
0.5921272742,0.6117101472,0.0,1.0,0.0,0.6117101472
0.0173682682,0.3217918824,0.0,1.0,0.0,0.3217918824
2.084738249,0.5212122027,0.5203234744,0.4796765256,1.084738249,0.001056863
2.65936967,0.3369706174,0.6239710442,0.3760289558,1.65936967,0.3914940011
1.3232732942,0.7023549739,0.2442982078,0.7557017922,0.3232732942,0.4580567661
0.4203709109,0.2078437514,0.0,1.0,0.0,0.2078437514
2.8641322851,0.5199081996,0.6508540841,0.3491458481,1.8641323892,1.0707552825
2.7550392693,0.8609218469,0.6370287672,0.3629712328,1.7550392693,0.9975914956
1.273768453,0.4879755031,0.2149279583,0.7850720417,0.273768453,0.2730475448
0.2765119102,0.3344677077,0.0,1.0,0.0,0.3344677077
0.2089254069,0.4957426433,0.0,1.0,0.0,0.4957426433
1.5276894437,0.0480167905,0.3454166983,0.6545833017,0.5276894437,0.2973999078
0.1272655,0.8467768656,0.0,1.0,0.0,0.8467768656
0.2112985967,0.5528528256,0.0,1.0,0.0,0.5528528256
1.0994726833,0.1487361355,0.0904740268,0.9095258689,0.0994738357,0.0582621086
0.9075529311,0.2189633175,3.7638e-06,0.9999958528,3.7638e-06,0.2189595536
1.8180776319,0.3611331627,0.4499684818,0.5500315182,0.8180776319,0.0888353192
0.4554228083,0.7644351941,0.0,1.0,0.0,0.7644351941
0.9679386049,0.129989307,0.0009908199,0.9989753108,0.0009918362,0.128998487
0.9445666895,0.7868169921,0.0001400331,0.9998517269,0.0001400539,0.786676959
0.9633883702,0.1959005205,0.000724774,0.9992471156,0.0007253201,0.1951757465
1.8117786032,0.0871724296,0.4480561818,0.5519438182,0.8117786032,0.3608837522
1.7847218881,0.4926836341,0.4396886111,0.5603113889,0.7847218881,0.052995023
0.2579655501,0.4520377166,0.0,1.0,0.0,0.4520377166
2.8208345953,0.5897813375,0.6454949886,0.3545050111,1.8208345957,0.4829627033
2.0807765142,0.6796173942,0.519410185,0.480589815,1.0807765142,0.2935038821
2.6109195485,0.758094294,0.6169931775,0.3830068225,1.6109195485,0.6049134042
1.6211598967,0.0633251515,0.3831576996,0.6168423004,0.6211598967,0.3198325481
2.3987572912,0.9451041249,0.5831174735,0.4168825265,1.3987572912,1.3247628772
2.676655793,0.027841408,0.6263994785,0.3736005215,1.676655793,0.6818339607
1.9903483357,0.5332926222,0.4975753831,0.5024246169,0.9903483357,0.0401060364
1.132326746,0.5072354878,0.1168627338,0.883137259,0.1323268072,0.390372754
1.1574682568,0.6451718441,0.1360454239,0.8639545756,0.1574682602,0.5091264202
2.4374604141,0.3333347903,0.5897369269,0.4102630731,1.4374604141,0.3128059336
1.3040060772,0.6263708843,0.2331324083,0.7668675917,0.3040060772,0.393238476
1.9283604746,0.4620302746,0.4814247579,0.5185752421,0.9283604746,0.0193944833
2.5288475756,0.1225269139,0.60456296,0.39543704,1.5288475756,0.6051939436
0.4752359254,0.9409634008,0.0,1.0,0.0,0.9409634008
0.2273597558,0.3664304318,0.0,1.0,0.0,0.3664304318
2.4531266834,0.8662133262,0.5923569676,0.4076430324,1.4531266834,0.9695911379
2.6104722155,0.1855388084,0.6169275451,0.3830724549,1.6104722155,0.4658150588
2.3006460692,0.8784357199,0.5653394873,0.4346605127,1.3006460692,0.9546600635
0.2797190589,0.5612701834,0.0,1.0,0.0,0.5612701834
2.235069629,0.7561325678,0.5525866456,0.4474133544,1.235069629,0.4905621825
1.3274166458,0.424392534,0.2466570288,0.7533429712,0.3274166458,0.1777355052
2.4256229838,0.9263266797,0.5877347771,0.4122652229,1.4256229838,1.2356929554
1.3516989179,0.4177413238,0.2601902785,0.7398097215,0.3516989179,0.1575510453
1.3859459849,0.105993996,0.2784711591,0.7215288409,0.3859459849,0.1724771631
0.237408577,0.7439799776,0.0,1.0,0.0,0.7439799776
2.6715014582,0.8375561168,0.6256786621,0.3743213379,1.6715014582,0.7666820908
1.4037521355,0.1330918356,0.2876235236,0.7123764764,0.4037521355,0.154531688
1.9608346662,0.3092392766,0.4900130963,0.5099869037,0.9608346662,0.1807738197
0.9989219597,0.9531400422,0.0076175799,0.9923151422,0.0076765732,0.9455224623
1.0837955656,0.6481264137,0.077324969,0.9226742805,0.0838052719,0.5708014448
0.2261561911,0.5576517558,0.0,1.0,0.0,0.5576517558
1.1864761549,0.5236144531,0.1571680596,0.8428319404,0.186476155,0.3664463935
2.2453929336,0.9143912095,0.5546436505,0.4453563495,1.2453929336,1.1352011151
2.5082021671,0.0353116557,0.6013080552,0.3986919448,1.5082021671,0.5696549365
0.6012532259,0.4096858629,0.0,1.0,0.0,0.4096858629
1.1345251803,0.9156209698,0.1185739656,0.8814260385,0.134525145,0.8588898984
1.8453420909,0.0327722683,0.4580950573,0.5419049427,0.8453420909,0.425322789
2.1231061061,0.8233042871,0.5289919816,0.4710080184,1.1231061061,0.7353463244
0.1617545107,0.5838206317,0.0,1.0,0.0,0.5838206317
0.6863376819,0.6085055769,0.0,1.0,0.0,0.6085055769
1.8853096006,0.9240081027,0.4695831392,0.5304168608,0.8853096006,1.1288291878
0.0291936923,0.995914324,0.0,1.0,0.0,0.995914324
0.7336220372,0.6922063285,0.0,1.0,0.0,0.6922063285
2.4647862006,0.1177982881,0.5942852975,0.4057147025,1.4647862006,0.5526326064
1.4999079834,0.504465878,0.3332924346,0.6667075654,0.4999079834,0.1711734435
0.3519191315,0.6533883442,0.0,1.0,0.0,0.6533883442
1.3784723382,0.7912212389,0.274559255,0.725440745,0.3784723382,0.610360279
0.0457328566,0.7359487566,0.0,1.0,0.0,0.7359487566
1.4349894203,0.9928233734,0.3031307507,0.6968692493,0.4349894203,1.2755051731
1.8318048804,0.5706147946,0.4540903288,0.5459096712,0.8318048804,0.1270710872
2.5561070012,0.8161924712,0.6087800708,0.3912199292,1.5561070012,0.6690272048
2.6200258852,0.2642498691,0.6183243816,0.3816756184,1.6200258852,0.5568057522
1.9106752526,0.5012232194,0.4766248222,0.5233751778,0.9106752526,0.0245983972
2.9719357467,0.1833291619,0.6662215194,0.3392856659,1.963600548,4.0192005247
2.2213734319,0.2007786635,0.5498280543,0.4501719457,1.2213734319,0.3628459452
0.4534772403,0.9160050061,0.0,1.0,0.0,0.9160050061
1.5883673141,0.919358894,0.3704227032,0.6295772968,0.5883673141,1.0542644705
0.5684542314,0.6322409455,0.0,1.0,0.0,0.6322409455
1.457136969,0.9471884865,0.313722717,0.686277283,0.457136969,1.1151320592
2.4277380901,0.5180329028,0.5880939529,0.4119060471,1.4277380901,0.1353832452
1.5164712949,0.463082985,0.3405743957,0.6594256043,0.5164712949,0.1225085893
0.3329353743,0.4418656569,0.0,1.0,0.0,0.4418656569
1.833504213,0.7079594985,0.45459629,0.54540371,0.833504213,0.4043913564
2.0529555419,0.9954652809,0.5128973913,0.4871026087,1.0529555419,1.4898322354
1.1745359143,0.938074091,0.1485998945,0.8514001058,0.1745359126,0.9502138406
2.7575375135,0.2761584761,0.637357608,0.362642392,1.7575375135,0.7483834594
0.3272926012,0.47459894,0.0,1.0,0.0,0.47459894
2.1715883809,0.8327240031,0.5395075748,0.4604924252,1.1715883809,0.7674179658
2.4898635431,0.3732731201,0.5983715643,0.4016284357,1.4898635431,0.253549195
1.988944903,0.1078892724,0.4972208639,0.5027791361,0.988944903,0.3893315915
1.400053408,0.9922807265,0.2857415336,0.7142584664,0.400053408,1.2565743205
1.8493818356,0.5434148364,0.4592787813,0.5407212187,0.8493818356,0.0849743073
2.3307667219,0.524951325,0.5709566339,0.4290433661,1.3307667219,0.0773915723
2.3546294753,0.8570871633,0.5753047303,0.4246952697,1.3546294753,0.8959117283
1.5702042587,0.9565134608,0.363140181,0.636859819,0.5702042587,1.1890269044
1.0948176913,0.7922148587,0.0866080841,0.913391689,0.0948203111,0.7056067746
2.3393917214,0.0718041457,0.5725384548,0.4274615452,1.3393917214,0.5389264288
2.5968604108,0.034108393,0.6149196176,0.3850803824,1.5968604108,0.672120146
2.581375861,0.3674730829,0.6126096881,0.3873903119,1.581375861,0.2786136239
0.3978649042,0.3516460355,0.0,1.0,0.0,0.3516460355
2.5980221169,0.7276921458,0.6150918064,0.3849081936,1.5980221169,0.4907860722
1.2422601274,0.0493208197,0.1950156188,0.8049843812,0.2422601274,0.1456947991
0.8228631935,0.7096348191,3e-10,0.9999999996,3e-10,0.7096348188
2.7247406152,0.1227636767,0.6329925886,0.3670074114,1.7247406152,0.7897233477
1.1449578689,0.2127929652,0.1266054248,0.873394574,0.1449578788,0.0861875404
0.8113148077,0.771110525,1e-10,0.9999999999,1e-10,0.7711105249
2.5535021677,0.1638597638,0.6083809865,0.3916190135,1.5535021677,0.5056619595
2.6873043611,0.9830488695,0.6278798879,0.3721201121,1.6873043611,1.7971762634
2.9878198541,0.7390833192,0.6751441704,0.3449693181,1.9571136763,5.1756573613
0.762421308,0.7629447088,0.0,1.0,0.0,0.7629447088
2.8705150303,0.808841723,0.6516305281,0.3483696177,1.8705148065,1.4559526338
0.9780788715,0.8940888908,0.0021251671,0.997822461,0.0021298048,0.8919637237
0.7797565651,0.2851411265,0.0,1.0,0.0,0.2851411265
0.2244125874,0.4636753595,0.0,1.0,0.0,0.4636753595
1.3336459868,0.8574818884,0.2501758264,0.7498241736,0.3336459868,0.7816967663
1.6997336088,0.1924028151,0.4116725145,0.5883274855,0.6997336088,0.2192696995
0.7663438107,0.8130663149,0.0,1.0,0.0,0.8130663149
1.100339952,0.1444117826,0.0911907721,0.9088091369,0.1003409499,0.0532210106
0.3044675203,0.2767217361,0.0,1.0,0.0,0.2767217361
1.3603197851,0.3253410722,0.2648787359,0.7351212641,0.3603197851,0.0604623363
0.2774302246,0.4380658363,0.0,1.0,0.0,0.4380658363
2.3812020637,0.5233534666,0.5800440394,0.4199559606,1.3812020637,0.1030752976
1.7233009866,0.0129940245,0.4197183151,0.5802816849,0.7233009866,0.4067242906
2.2662356476,0.8020458624,0.5587396213,0.4412603787,1.2662356476,0.659749359
2.3950736709,0.8469914505,0.5824763087,0.4175236913,1.3950736709,0.8629482864
0.5526501043,0.157889152,0.0,1.0,0.0,0.157889152
0.1600491816,0.1315821001,0.0,1.0,0.0,0.1315821001
2.2640533538,0.3145710135,0.5583142958,0.4416857042,1.2640533538,0.2641150223
0.7893745436,0.6855918184,0.0,1.0,0.0,0.6855918184
1.1363383588,0.5732055633,0.1199804542,0.8800195411,0.1363383977,0.4532251091
1.4091176113,0.2111971689,0.2903360287,0.7096639713,0.4091176113,0.0791388598
0.6237356928,0.7407538098,0.0,1.0,0.0,0.7407538098
2.9435937167,0.8517933728,0.6603687459,0.3398157183,1.9433143035,1.7266406291
2.7890002944,0.4386957342,0.6414485857,0.3585514143,1.7890002944,0.6504148314
2.1178929388,0.8876138161,0.5278326011,0.4721673989,1.1178929388,0.9953459084
0.5221583875,0.1112655119,0.0,1.0,0.0,0.1112655119
1.4198669291,0.8564824023,0.2957086474,0.7042913526,0.4198669291,0.803130121
2.3389249245,0.994228709,0.5724531431,0.4275468569,1.3389249245,1.5776114578
2.0854869376,0.8975585119,0.520495678,0.479504322,1.0854869376,1.0350847299
0.8927315095,0.5012216276,9.035e-07,0.999998988,9.035e-07,0.5012207242
1.1246836888,0.9794221119,0.1108601066,0.8891400371,0.124682392,1.0449474819
0.7592179276,0.3716156751,0.0,1.0,0.0,0.3716156751
2.2378070549,0.8514026445,0.5531339497,0.4468660503,1.2378070549,0.8425693517
2.3591083648,0.7154332322,0.5761110363,0.4238889637,1.3591083648,0.3717904591
1.2701101264,0.0657020631,0.2126666978,0.7873333022,0.2701101264,0.1469646347
2.0737847803,0.1172841067,0.5177898837,0.4822101163,1.0737847803,0.4006637399
1.5171131475,0.3096603665,0.3408533822,0.6591466178,0.5171131475,0.0311930157
1.8730220538,0.6280737549,0.4661034567,0.5338965433,0.8730220538,0.2191121217
1.0041436002,0.7450809187,0.0114878898,0.988425547,0.0116224129,0.7335930288
1.8560738189,0.1516304822,0.4612283252,0.5387716748,0.8560738189,0.309597843
1.8883611311,0.7482098083,0.4704402757,0.5295597243,0.8883611311,0.507146235
2.8958060374,0.6726780957,0.6546733078,0.3453273352,1.8958050553,0.3340460055
1.4800136426,0.3423959988,0.3243305526,0.6756694474,0.4800136426,0.0180654462
2.2096257218,0.2150587819,0.5474346673,0.4525653327,1.2096257218,0.3434852549
0.5524956458,0.4125782592,0.0,1.0,0.0,0.4125782592
1.6850611734,0.5465372872,0.4065497349,0.5934502651,0.6850611734,0.1399875522
0.2680045499,0.5581326976,0.0,1.0,0.0,0.5581326976
2.7280430787,0.0659503984,0.6334368736,0.3665631264,1.7280430787,0.6438062336
1.3326613298,0.3227538598,0.2496218074,0.7503781926,0.3326613298,0.0731320524
1.6109800182,0.5901994859,0.3792598364,0.6207401636,0.6109800182,0.2109396494
1.4900863767,0.4931768804,0.3288979648,0.6711020352,0.4900863767,0.1642789156
0.5208414416,0.7726417174,0.0,1.0,0.0,0.7726417174
1.6816070677,0.7780708864,0.4053307582,0.5946692418,0.6816070677,0.6026533227
2.9817699015,0.5355365603,0.6582358678,0.3289836501,2.0008163555,4.7329703477
1.5987884029,0.3943834188,0.3745263612,0.6254736388,0.5987884029,0.0198570576
1.1397232855,0.6623711038,0.122594062,0.8774059349,0.1397233106,0.5397770418
2.2160066065,0.3636441919,0.5487378074,0.4512621926,1.2160066065,0.1977248372
1.2919418997,0.0576214648,0.2259713845,0.7740286155,0.2919418997,0.1683499196
1.1316781376,0.1324501709,0.1163565371,0.8836434614,0.1316781509,0.0160936338
2.9478718276,0.2847141283,0.6609888955,0.3394565233,1.9471975058,2.0558271738
0.9628546158,0.0409188795,0.0004435209,0.9995391564,0.0004437254,0.0404753586
0.5475849102,0.0629272859,0.0,1.0,0.0,0.0629272859
1.9186343311,0.6029600818,0.4787959416,0.5212040584,0.9186343311,0.1631168927
0.0040019969,0.5302377075,0.0,1.0,0.0,0.5302377075
1.8250049797,0.5797426789,0.4520562896,0.5479437104,0.8250049797,0.1425065082
0.912168344,0.60437174,6.6055e-06,0.9999927584,6.6056e-06,0.6043651344
1.0445670293,0.7762684307,0.043001835,0.9569823433,0.0449348259,0.7332665957
0.8437846108,0.8296553726,3.3e-09,0.9999999961,3.3e-09,0.8296553693
0.6281404458,0.7639208035,0.0,1.0,0.0,0.7639208035
1.9393212442,0.2644924381,0.4843556719,0.5156443281,0.9393212442,0.2198632337
1.741494504,0.7876389969,0.4257805593,0.5742194407,0.741494504,0.6308415533
1.2146351325,0.1104261509,0.1767074957,0.8232925043,0.2146351325,0.0662813448
1.1265176051,0.8301452474,0.1123086389,0.8876913542,0.1265176667,0.7178366085
0.1100871822,0.4530356067,0.0,1.0,0.0,0.4530356067
0.20448759,0.9958477232,0.0,1.0,0.0,0.9958477232
0.1880127067,0.1493874226,0.0,1.0,0.0,0.1493874226
1.6529826795,0.0369313088,0.3950329835,0.6049670165,0.6529826795,0.3581016746
2.5689699528,0.121405347,0.6107389271,0.3892610729,1.5689699528,0.6417127695
1.1852329913,0.5925095704,0.1562840325,0.8437159674,0.1852329914,0.4362255379
0.8973169916,0.8346521229,1.1977e-06,0.9999986652,1.1977e-06,0.8346509252
2.0221669095,0.4792988968,0.5054809792,0.4945190208,1.0221669095,0.0262159329
1.4411743967,0.4078747783,0.3061214505,0.6938785495,0.4411743967,0.1017533278
2.2228361222,0.9664790486,0.5501242804,0.4498757196,1.2228361222,1.3726568947
0.6878930541,0.5610410278,0.0,1.0,0.0,0.5610410278
2.9461340302,0.3824749242,0.6604335416,0.3392814591,1.9465653779,1.5585000463
2.8136932653,0.693959156,0.6445952328,0.3554047673,1.8136932651,0.4993482921
0.3590411506,0.2048266266,0.0,1.0,0.0,0.2048266266
0.3641371038,0.564661653,0.0,1.0,0.0,0.564661653
0.1600385521,0.4195604998,0.0,1.0,0.0,0.4195604998
1.3536562527,0.2995549702,0.2612600149,0.7387399851,0.3536562527,0.0382949554
2.922225796,0.3585429645,0.6577903304,0.342199738,1.9222408942,0.6717138775
2.5840097535,0.5016978671,0.6130045567,0.3869954433,1.5840097535,0.2785797413
2.6871646754,0.7145887506,0.6278605442,0.3721394558,1.6871646754,0.5001844748
1.212552661,0.4663713668,0.1752935504,0.8247064496,0.212552661,0.2910778164
1.8785302475,0.6754770683,0.4676689389,0.5323310611,0.8785302475,0.3195690473
0.7201497288,0.4768194268,0.0,1.0,0.0,0.4768194268
2.3376044528,0.9917158266,0.5722116294,0.4277883706,1.3376044528,1.5426382073
1.6107167238,0.8400502885,0.3791583677,0.6208416323,0.6107167238,0.7863581696
0.3175690353,0.8510753807,0.0,1.0,0.0,0.8510753807
1.6957917138,0.496708813,0.4103049379,0.5896950621,0.6957917138,0.0864038751
2.2839818481,0.2505141524,0.5621681491,0.4378318509,1.2839818481,0.3137832701
0.3337179093,0.4017215534,0.0,1.0,0.0,0.4017215534
2.3755395658,0.5367766373,0.5790430038,0.4209569962,1.3755395658,0.0803921116
0.7114839744,0.3043858553,0.0,1.0,0.0,0.3043858553
2.228821442,0.6694491263,0.5513323853,0.4486676147,1.228821442,0.2495094875
0.6548550819,0.6878420328,0.0,1.0,0.0,0.6878420328
1.9267064259,0.8447862765,0.4809795688,0.5190204312,0.9267064259,0.8204970132
0.4417126311,0.9218163207,0.0,1.0,0.0,0.9218163207
0.5149616028,0.3669918218,0.0,1.0,0.0,0.3669918218
0.7732537783,0.7038713704,0.0,1.0,0.0,0.7038713704
1.4584161189,0.9153727734,0.3143246382,0.6856753618,0.4584161189,1.0037436633
0.7347333604,0.249458719,0.0,1.0,0.0,0.249458719
0.0757993215,0.7237288515,0.0,1.0,0.0,0.7237288515
1.0180500985,0.7229821957,0.0207127757,0.9792227699,0.0211522611,0.7022694199
2.6981978578,0.4862061095,0.6293822571,0.3706177429,1.6981978578,0.4558332721
1.1251107882,0.2795207463,0.1111987301,0.8888012568,0.1251109055,0.1683220162
1.3919317773,0.5041134602,0.281573985,0.718426015,0.3919317773,0.2225394753
0.1279162366,0.5523131606,0.0,1.0,0.0,0.5523131606
2.4391058047,0.4687027263,0.5900136853,0.4099863147,1.4391058047,0.1853659677
1.3829927054,0.8349920988,0.2769303872,0.7230696128,0.3829927054,0.7308242037
2.6696950295,0.8892296888,0.6254253804,0.3745746196,1.6696950295,1.2523881197
0.6609376856,0.4234527119,0.0,1.0,0.0,0.4234527119
2.9966944954,0.7062183299,0.6823555266,0.3506773058,1.9458217434,4.9906288709
1.8327192747,0.5210111913,0.4543626982,0.5456373018,0.8327192747,0.0666484931
0.891538834,0.9526946656,3.378e-07,0.9999996211,3.378e-07,0.9526943277
1.2874940276,0.5236325647,0.2232973679,0.7767026321,0.2874940276,0.3003351967
2.6537859165,0.9271395143,0.6231798527,0.3768201473,1.6537859165,1.2411561038
2.8538037453,0.5731643996,0.6495904725,0.3504095108,1.853803771,0.7558988558
0.2906887862,0.1889542925,0.0,1.0,0.0,0.1889542925
2.2732510714,0.3860468961,0.5601013841,0.4398986159,1.2732510714,0.1873698263
0.255109477,0.3727138146,0.0,1.0,0.0,0.3727138146
1.9868088285,0.6080033157,0.4966803118,0.5033196882,0.9868088285,0.1576303355
1.2020642081,0.0212730297,0.1680976826,0.8319023175,0.2020642076,0.1468246529
0.6716661004,0.46667382,0.0,1.0,0.0,0.46667382
0.2967354064,0.2006415112,0.0,1.0,0.0,0.2006415112
1.9527478185,0.0383028605,0.487901105,0.512098895,0.9527478185,0.4495982445
0.2612223065,0.4256227621,0.0,1.0,0.0,0.4256227621
2.5993217133,0.9751980608,0.6152842509,0.3847157491,1.5993217133,1.5550704326
0.946949133,0.4589583387,0.0001866703,0.999802833,0.0001867071,0.4587716684
1.7434575483,0.213853369,0.4264271012,0.5735728988,0.7434575483,0.2125737322
0.0166779832,0.8455821177,0.0,1.0,0.0,0.8455821177
0.2753837471,0.6787342683,0.0,1.0,0.0,0.6787342683
2.0796867493,0.9241348114,0.5191583539,0.4808416461,1.0796867493,1.1533355042
2.8460140756,0.7863970328,0.6486313979,0.3513686119,1.8460140605,1.2874640103
1.033671033,0.1509432578,0.0333813957,0.9665897313,0.0345352269,0.1175618621
2.4716772525,0.5493546084,0.5954164327,0.4045835673,1.4716772525,0.1104404536
1.8115081137,0.719834945,0.447973767,0.552026233,0.8115081137,0.4371456206
0.332646435,0.5038841595,0.0,1.0,0.0,0.5038841595
0.2616837469,0.6256361253,0.0,1.0,0.0,0.6256361253
2.7912284931,0.8962310909,0.6417348123,0.3582651877,1.7912284932,1.5408455525
1.0866323744,0.1640816433,0.0797299935,0.920269586,0.0866376491,0.0843516498
2.0236411311,0.0053291925,0.5058412361,0.4941587639,1.0236411311,0.5005387281
0.0510085205,0.4980523725,0.0,1.0,0.0,0.4980523725
1.6853186644,0.947116124,0.4066404051,0.5933595949,0.6853186644,1.1849308385
0.245659822,0.0263437611,0.0,1.0,0.0,0.0263437611
1.6612998939,0.795646111,0.3980617204,0.6019382796,0.6612998939,0.6534751114
2.5454154902,0.8176370753,0.6071368294,0.3928631706,1.5454154902,0.6836935637
1.7497691581,0.9735380351,0.4284960417,0.5715039583,0.7497691581,1.3118799179
0.2288219866,0.0238776762,0.0,1.0,0.0,0.0238776762
0.5687285996,0.0556394712,0.0,1.0,0.0,0.0556394712
0.6534706679,0.7214190525,0.0,1.0,0.0,0.7214190525
0.1375868946,0.1161235185,0.0,1.0,0.0,0.1161235185
1.6561865801,0.3840388731,0.3962032949,0.6037967051,0.6561865801,0.0121644218
0.411555324,0.2767302448,0.0,1.0,0.0,0.2767302448
0.1356284379,0.8675709763,0.0,1.0,0.0,0.8675709763
2.2231342103,0.9801680615,0.5501846018,0.4498153982,1.2231342103,1.4584127706
1.1259704273,0.0055537753,0.1118726079,0.8881280551,0.1259645016,0.1063188326
1.6801926955,0.4627586908,0.4048301706,0.5951698294,0.6801926955,0.0579285203
0.1916255387,0.7915590595,0.0,1.0,0.0,0.7915590595
2.9072010801,0.6260977417,0.6560249415,0.3439716875,1.9072062187,0.5682086501
0.4898208188,0.050206279,0.0,1.0,0.0,0.050206279
2.3205734772,0.886420944,0.5690720377,0.4309279623,1.3205734772,0.9932288817
1.6679196817,0.8308215873,0.4004507466,0.5995492534,0.6679196817,0.7623965023
2.3143639953,0.7258901585,0.5679158499,0.4320841501,1.3143639953,0.3937191543
1.5615843558,0.3630626177,0.3596247322,0.6403752678,0.5615843558,0.0034378855
1.7261790765,0.3942488574,0.4206858294,0.5793141706,0.7261790765,0.026436972
2.5000585563,0.5347614362,0.6000093688,0.3999906312,1.5000585563,0.1567984331
2.5304261138,0.0720991447,0.6048096427,0.3951903573,1.5304261138,0.5831649688
1.146835377,0.9375545082,0.1280352506,0.8719647527,0.1468353511,0.9313043908
1.8829518206,0.4439579962,0.4689189659,0.5310810341,0.8829518206,0.0249609697
1.0421939709,0.6147472363,0.0409268292,0.9590535076,0.0426741875,0.573820407
1.9237633055,0.3684270804,0.4801855316,0.5198144684,0.9237633055,0.1117584512
1.3754425779,0.5988989896,0.2729612882,0.7270387118,0.3754425779,0.3259377015
0.8852879684,0.1920413523,3.493e-07,0.9999996054,3.493e-07,0.192041003
0.0925564632,0.5527970983,0.0,1.0,0.0,0.5527970983
0.5516847657,0.7165612828,0.0,1.0,0.0,0.7165612828
0.947332535,0.4968669659,0.000193398,0.9997958082,0.0001934375,0.4966735679
2.8245053057,0.5481318613,0.6459557011,0.3540442983,1.8245053066,0.7271781561
2.5861676015,0.1488014416,0.6133274582,0.3866725418,1.5861676015,0.5680634234
1.2758695989,0.0865944589,0.216220842,0.783779158,0.2758695989,0.129626383
2.4004439757,0.0260409452,0.5834103982,0.4165896018,1.4004439757,0.6137787194
0.2310701335,0.4917186243,0.0,1.0,0.0,0.4917186243
0.0815118124,0.0337762368,0.0,1.0,0.0,0.0337762368
1.3989189555,0.7151853149,0.2851623062,0.7148376938,0.3989189555,0.4304412437
1.7545124646,0.2512556997,0.4300410968,0.5699589032,0.7545124646,0.1787853971
0.5852134882,0.8258846124,0.0,1.0,0.0,0.8258846124
0.371008892,0.6235412061,0.0,1.0,0.0,0.6235412061
2.3321892855,0.5929118686,0.5712183371,0.4287816629,1.3321892855,0.0461232268
1.6953777455,0.2486073537,0.4101609493,0.5898390507,0.6953777455,0.1615535956
1.0082632729,0.6882210322,0.0139664318,0.9859506464,0.0141654472,0.6742546003
2.8007310886,0.2881895297,0.6429503696,0.3570496304,1.8007310885,0.7895458844
1.6024872334,0.2697641642,0.3759700675,0.6240299325,0.6024872334,0.1062059034
0.5908221305,0.8958623923,0.0,1.0,0.0,0.8958623923
1.7421039432,0.0178864746,0.4259814382,0.5740185618,0.7421039432,0.4080949636
2.6508476825,0.9705450365,0.6227621803,0.3772378197,1.6508476825,1.5230122358
1.4052647964,0.7394891768,0.2883903428,0.7116096572,0.4052647964,0.4864452311
1.2453725179,0.3762871069,0.1970274069,0.8029725931,0.2453725179,0.1792597
0.7764663017,0.9735682334,0.0,1.0,0.0,0.9735682334
1.7233271589,0.7740385721,0.4197271279,0.5802728721,0.7233271589,0.5909359989
0.5141479123,0.946700767,0.0,1.0,0.0,0.946700767
2.837335889,0.6427505996,0.6475567083,0.3524432915,1.8373358893,0.0537870005
2.3767724692,0.3200364855,0.5792613669,0.4207386331,1.3767724692,0.306194971
2.5584949234,0.682282719,0.6091452084,0.3908547916,1.5584949234,0.2899156114
1.3903539743,0.6746551013,0.2807586999,0.7192413001,0.3903539743,0.3938964013
2.9568823282,0.3159105792,0.6620716642,0.3384719693,1.9560605437,1.275187363
2.3617068142,0.6174443848,0.5765774168,0.4234225832,1.3617068142,0.0971765231
1.2552667082,0.2795074675,0.2033565508,0.7966434492,0.2552667082,0.0761509166
1.7427009535,0.318006412,0.4261780841,0.5738219159,0.7427009535,0.108171672
0.5821864997,0.0051029538,0.0,1.0,0.0,0.0051029538
2.608123,0.6315266594,0.6165825001,0.3834174999,1.608123,0.0633548791
2.3582851129,0.257668216,0.5759630612,0.4240369388,1.3582851129,0.3435256719
2.6671872793,0.8742580974,0.6250731969,0.3749268031,1.6671872793,1.1295377344
0.0254774768,0.2690962208,0.0,1.0,0.0,0.2690962208
1.9887198471,0.1935672286,0.4971639663,0.5028360337,0.9887198471,0.3035967377
2.3606308761,0.6024088413,0.5763844275,0.4236155725,1.3606308761,0.05958009
2.1896291586,0.7823947387,0.5433016609,0.4566983391,1.1896291586,0.5895461807
1.5192162558,0.9638789472,0.3417658637,0.6582341363,0.5192162558,1.199857765
0.3100832223,0.4443453242,0.0,1.0,0.0,0.4443453242
0.7133779116,0.8373764824,0.0,1.0,0.0,0.8373764824
1.7710333895,0.7261470539,0.4353579069,0.5646420931,0.7710333895,0.4571383809
0.3344477428,0.9613555813,0.0,1.0,0.0,0.9613555813
2.9973400596,0.8227165122,0.6851433719,0.3536572415,1.9373090422,7.0989597288
0.4559832606,0.8570592572,0.0,1.0,0.0,0.8570592572
0.4943392167,0.3129719276,0.0,1.0,0.0,0.3129719276
0.5432222315,0.815534667,0.0,1.0,0.0,0.815534667
0.6576921689,0.713076939,0.0,1.0,0.0,0.713076939
1.5281273277,0.4442130602,0.3456042688,0.6543957312,0.5281273277,0.0986087914
2.6894610364,0.6491539258,0.6281782906,0.3718217094,1.6894610364,0.1186316142
2.597227342,0.3001282436,0.614974021,0.385025979,1.597227342,0.4655172236
2.3026671545,0.4338280862,0.5657209953,0.4342790047,1.3026671545,0.1320116748
1.6638917788,0.6764782263,0.3989993744,0.6010006256,0.6638917788,0.3471740806
0.957937755,0.6304123921,0.0004850277,0.9994934185,0.0004852736,0.6299273643
0.6258949781,0.3225810223,0.0,1.0,0.0,0.3225810223
2.7622129978,0.0628847876,0.6379714378,0.3620285622,1.7622129978,0.6641020181
1.2872625137,0.7647374871,0.2231576781,0.7768423219,0.2872625137,0.541579809
2.7613236502,0.7853780595,0.6378548382,0.3621451618,1.7613236502,0.9242580266
0.9511824466,0.0883321126,0.0002074097,0.9997818979,0.0002074549,0.0881247029
0.1217180385,0.0871750781,0.0,1.0,0.0,0.0871750781
2.8005789366,0.2747739043,0.6429309716,0.3570690285,1.8005789366,0.8660641774
2.5405012795,0.3694734002,0.6063768957,0.3936231043,1.5405012795,0.2692083234
0.872138937,0.3579578081,9.72e-08,0.9999998885,9.72e-08,0.3579577108
2.6943464038,0.9812552759,0.6288524747,0.3711475253,1.6943464038,1.7415032925
1.258726782,0.0766059898,0.2055464186,0.7944535814,0.258726782,0.1289404288
2.0885048011,0.710311768,0.5211885558,0.4788114442,1.0885048011,0.3734205224
0.1929057296,0.1274407186,0.0,1.0,0.0,0.1274407186
1.8778882374,0.9599841638,0.4674869462,0.5325130538,0.8778882374,1.2831945753
0.1986877533,0.2780166556,0.0,1.0,0.0,0.2780166556
2.6465049853,0.701240665,0.6221431641,0.3778568359,1.6465049853,0.4022799669
2.7758182085,0.5310234868,0.6397458605,0.3602541395,1.7758182086,0.5891448203
2.8748953695,0.9493492077,0.6521612651,0.3478387586,1.8748953331,1.3910520382
1.3797908748,0.8709022631,0.2752524906,0.7247475094,0.3797908748,0.8358908071
1.2633469554,0.3030213252,0.2084518067,0.7915481933,0.2633469554,0.0945695185
1.7266433385,0.3295374569,0.4208415961,0.5791584039,0.7266433385,0.0913041393
1.8722045586,0.4777608786,0.4658703316,0.5341296684,0.8722045586,0.0118905469
0.9906732798,0.5587519696,0.0055366356,0.9943796512,0.0055679293,0.5532153339
1.3235694637,0.616043766,0.244467308,0.755532692,0.3235694637,0.371576458
2.6334369435,0.502981703,0.6202681053,0.3797318947,1.6334369435,0.3369214922
1.1371558782,0.8369279994,0.1206130964,0.8793869017,0.1371558937,0.716314903
1.3252479998,0.3334247693,0.2454242526,0.7545757474,0.3252479998,0.0880005167
0.8495545703,0.9432346152,3.4e-09,0.999999996,3.4e-09,0.9432346118
1.2120656334,0.5242320403,0.17496217,0.82503783,0.2120656334,0.3492698703
0.7574292054,0.4386889464,0.0,1.0,0.0,0.4386889464
0.1574439574,0.8795927123,0.0,1.0,0.0,0.8795927123
2.1604113423,0.0892871597,0.5371251852,0.4628748148,1.1604113423,0.4484230195
0.6047889144,0.5353185431,0.0,1.0,0.0,0.5353185431
1.0027286801,0.2698547885,0.0107258828,0.9891863705,0.0108431364,0.2591289057
1.1311283094,0.1959427375,0.1159270324,0.8840729624,0.1311283541,0.0800157051
0.7130751311,0.5011160601,0.0,1.0,0.0,0.5011160601
2.0613655848,0.7704979686,0.5148846923,0.4851153077,1.0613655848,0.5564318186
2.0545981841,0.5235549219,0.5132868277,0.4867131723,1.0545981841,0.0119097361
2.8909688372,0.5199340527,0.6540945468,0.3459040688,1.8909709537,1.33048824
0.6738586153,0.9272707888,0.0,1.0,0.0,0.9272707888
0.3824745746,0.251108403,0.0,1.0,0.0,0.251108403
1.9593635399,0.7837450785,0.4896301888,0.5103698112,0.9593635399,0.6091951896
1.2321156835,0.2812976389,0.1883878978,0.8116121022,0.2321156835,0.0929097411
2.0707060838,0.0348538267,0.5170729406,0.4829270594,1.0707060838,0.4827674979
0.7532122315,0.3350905422,0.0,1.0,0.0,0.3350905422
2.7173170625,0.0623299156,0.6319899456,0.3680100544,1.7173170625,0.588030653
1.4801740975,0.9190164567,0.324403797,0.675596203,0.4801740975,1.0230957206
0.3898264026,0.7044851908,0.0,1.0,0.0,0.7044851908
2.5565697784,0.5815143105,0.6088508874,0.3911491126,1.5565697784,0.0888257311
1.4590146097,0.7337305402,0.3146059036,0.6853940964,0.4590146097,0.4782409744
1.2194456176,0.3543207548,0.1799552309,0.8200447691,0.2194456176,0.174365524
1.4719388328,0.1977131038,0.3206239432,0.6793760568,0.4719388328,0.1229108395
0.5555284155,0.2279906544,0.0,1.0,0.0,0.2279906544
0.278557992,0.5982178304,0.0,1.0,0.0,0.5982178304
0.6598103616,0.6883388222,0.0,1.0,0.0,0.6883388222
1.9395616571,0.6393695889,0.4844195871,0.5155804129,0.9395616571,0.2293559823
1.0708045459,0.878038183,0.066141432,0.9338571443,0.0708260706,0.811896751
0.0684533419,0.1242611822,0.0,1.0,0.0,0.1242611822
2.7742404107,0.5159614826,0.6395409727,0.3604590273,1.7742404107,0.6171529636
1.8381309145,0.0436967754,0.4559691086,0.5440308914,0.8381309145,0.4122723332
1.3360319188,0.0702724962,0.2515148883,0.7484851117,0.3360319188,0.181242392
1.6970052038,0.1437945689,0.4107266155,0.5892733845,0.6970052038,0.2669320466
2.7206184387,0.318538506,0.632436513,0.367563487,1.7206184387,0.5025533371
1.7934692153,0.2760979149,0.4424214302,0.5575785698,0.7934692153,0.1663235154
1.933917969,0.9995873357,0.482914986,0.517085014,0.933917969,1.4809068627
2.9531447154,0.4553806947,0.6609324009,0.3381553306,1.954523088,2.7107259707
2.8947841696,0.5974467641,0.6545504263,0.3454481419,1.894786357,0.8571461173
0.7007576138,0.7081260711,0.0,1.0,0.0,0.7081260711
0.1562793501,0.2424586091,0.0,1.0,0.0,0.2424586091
1.8945631688,0.0004256104,0.4721738412,0.5278261588,0.8945631688,0.4717482308
0.8456139449,0.7938185051,4.4e-09,0.9999999948,4.4e-09,0.7938185007
1.4872489719,0.9435568614,0.3276176223,0.6723823777,0.4872489719,1.1127607226
0.4332070267,0.4778514908,0.0,1.0,0.0,0.4778514908
0.9486278259,0.1806688909,0.000197277,0.9997919963,0.0001973181,0.1804716139
2.0348777662,0.646530512,0.5085699905,0.4914300095,1.0348777662,0.2251901367
2.2059436715,0.0666591949,0.546679268,0.453320732,1.2059436715,0.4835530965
1.523699793,0.9695291359,0.3437027395,0.6562972605,0.523699793,1.2232044067
1.798541718,0.318700697,0.4439939925,0.5560060075,0.798541718,0.1252932955
0.1084799,0.8949687565,0.0,1.0,0.0,0.8949687565
2.7698359512,0.8113447421,0.6389677881,0.3610322119,1.7698359512,0.9420935877
0.1985790941,0.4006151726,0.0,1.0,0.0,0.4006151726
1.4579466931,0.8659342308,0.3141038663,0.6858961337,0.4579466931,0.8415257974
0.2011091213,0.1161917637,0.0,1.0,0.0,0.1161917637
1.5542766979,0.9851528201,0.3566139148,0.6433860852,0.5542766979,1.296298729
0.2457449818,0.6435012378,0.0,1.0,0.0,0.6435012378
1.7061171977,0.7799539222,0.413873794,0.586126206,0.7061171977,0.6082002536
1.7982502354,0.8561942813,0.4439038681,0.5560961319,0.7982502354,0.8572767489
2.719502219,0.8445017092,0.6322856466,0.3677143534,1.719502219,0.8023708543
0.20909176,0.9538272248,0.0,1.0,0.0,0.9538272248
0.029315429,0.585427321,0.0,1.0,0.0,0.585427321
1.9316629211,0.7206610116,0.4823113344,0.5176886656,0.9316629211,0.4252511737
2.531828035,0.7576931427,0.6050284671,0.3949715329,1.531828035,0.5437299118
0.5089338166,0.0098156852,0.0,1.0,0.0,0.0098156852
1.4907463307,0.7104255654,0.329195062,0.670804938,0.4907463307,0.4262647328
2.0557196467,0.8832092351,0.5135523457,0.4864476543,1.0557196467,0.9729172795
1.439654017,0.0116948618,0.3053886641,0.6946113359,0.439654017,0.2936938022
2.8508472934,0.5674064971,0.6492270847,0.350772903,1.8508473123,0.7742435742
1.7801265334,0.0706701131,0.4382421804,0.5617578196,0.7801265334,0.3675720673
0.4806134418,0.6376972689,0.0,1.0,0.0,0.6376972689
2.9588074575,0.010471062,0.661096183,0.3370071266,1.9616682582,3.4670752149
2.8522009913,0.2319251189,0.6493935819,0.3506064384,1.85220096,1.2813064427
2.0309540577,0.1083970739,0.5076205706,0.4923794294,1.0309540577,0.3994631148
0.1205844392,0.4142362636,0.0,1.0,0.0,0.4142362636
2.1100102293,0.6135075918,0.5260686483,0.4739313517,1.1100102293,0.1421732074
1.0234559045,0.2195043277,0.0248841502,0.9750643673,0.0255205205,0.1946201775
1.2098217743,0.413394092,0.1734319705,0.8265680295,0.2098217743,0.2399621215
0.1796915279,0.3563069204,0.0,1.0,0.0,0.3563069204
0.5972676144,0.6525579567,0.0,1.0,0.0,0.6525579567
0.3044713913,0.0525123516,0.0,1.0,0.0,0.0525123516
1.7901860186,0.176170532,0.4413988325,0.5586011675,0.7901860186,0.2652283005
2.5436890363,0.653494405,0.6068701851,0.3931298149,1.5436890363,0.1730204275
0.0694164726,0.3507480684,0.0,1.0,0.0,0.3507480684
2.4635900851,0.4455167916,0.5940883161,0.4059116839,1.4635900851,0.2041476978
1.6421685495,0.7329218524,0.3910491098,0.6089508902,0.6421685495,0.4810704792
0.401940743,0.3238822796,0.0,1.0,0.0,0.3238822796
1.2219321653,0.1068054983,0.1816239654,0.8183760346,0.2219321653,0.0748184671
0.3483167337,0.6081819101,0.0,1.0,0.0,0.6081819101
2.3734728233,0.7698140209,0.5786764482,0.4213235518,1.3734728233,0.5076618024
1.4683265369,0.300940451,0.3189525798,0.6810474202,0.4683265369,0.0180121288
2.4809293891,0.223341267,0.5969252473,0.4030747527,1.4809293891,0.417958651
2.3534786502,0.8611524553,0.575097059,0.424902941,1.3534786502,0.9111746196
2.6400758302,0.3570970787,0.621223001,0.378776999,1.6400758302,0.3153623299
1.0204803717,0.3759061166,0.0226047597,0.9773352104,0.023128973,0.353301357
1.4555424841,0.7819008951,0.3129709294,0.6870290706,0.4555424841,0.5984390166
1.5748140866,0.3567659661,0.36500441,0.63499559,0.5748140866,0.008238444
0.8295503508,0.7584227425,7e-10,0.9999999991,7e-10,0.7584227418
0.7487783989,0.4900327226,0.0,1.0,0.0,0.4900327226
1.3003555511,0.9739520686,0.2309795585,0.7690204415,0.3003555511,1.1389530515
0.7110905393,0.7358175323,0.0,1.0,0.0,0.7358175323
1.170455701,0.1711916491,0.1456319116,0.8543680884,0.1704557012,0.0255597375
1.1936589968,0.7399948327,0.1622397999,0.8377602001,0.1936589968,0.5777550328
2.2842777887,0.669899777,0.5622248726,0.4377751274,1.2842777887,0.2468585941
1.757987916,0.9520276235,0.4311678761,0.5688321239,0.757987916,1.2226172704
2.6823726857,0.6535750015,0.6271957266,0.3728042734,1.6823726857,0.1464825365
0.8633936208,0.389143533,3.76e-08,0.9999999564,3.76e-08,0.3891434954
0.161467135,0.3223900886,0.0,1.0,0.0,0.3223900886
2.382543618,0.4393334735,0.5802805067,0.4197194933,1.382543618,0.1625699708
2.9486279766,0.2628635443,0.6611378892,0.3394348147,1.9477609858,2.5069023854
2.7506295289,0.2837185633,0.6364468608,0.3635531392,1.7506295289,0.702640339
1.4412107877,0.8037287634,0.3061389711,0.6938610289,0.4412107877,0.6551690796
0.7472836614,0.2335475529,0.0,1.0,0.0,0.2335475529
1.757132603,0.4322693864,0.4308909878,0.5691090122,0.757132603,0.0013783986
2.7412848959,0.4827217787,0.6352075622,0.3647924378,1.7412848959,0.5533761397
1.1107276585,0.9132247337,0.0996891753,0.9003108397,0.1107275075,0.8368739728
1.9927183983,0.1779983231,0.4981729477,0.5018270523,0.9927183983,0.3201746245
1.001954213,0.9996948273,0.0003588789,0.9996416927,0.0003590076,0.9994423546
2.4057266253,0.6512083649,0.5843251725,0.4156748275,1.4057266253,0.1837608123
2.6335887066,0.7823616573,0.6202899878,0.3797100122,1.6335887066,0.6839309527
2.3048564659,0.700698526,0.5661335034,0.4338664966,1.3048564659,0.3277860475
2.1535994059,0.3528737595,0.5356610903,0.4643389097,1.1535994059,0.1889486419
2.4310580811,0.8865559738,0.5886564752,0.4113435248,1.4310580811,1.0323538694
0.6798378736,0.8923039371,0.0,1.0,0.0,0.8923039371
1.7024001363,0.5009930928,0.412594032,0.587405968,0.7024001363,0.0883990608
1.684984692,0.0300386148,0.4065227983,0.5934772017,0.684984692,0.3764841834
0.5041382553,0.7816411064,0.0,1.0,0.0,0.7816411064
1.8435779705,0.4948259354,0.4575765083,0.5424234917,0.8435779705,0.0372494271
2.6397326842,0.0256970068,0.6211737628,0.3788262372,1.6397326842,0.6396805779
1.4331489288,0.0108753042,0.302235811,0.697764189,0.4331489288,0.2913605069
1.5685880559,0.4017684084,0.3624839892,0.6375160108,0.5685880559,0.0392844192
2.4743298728,0.5404577967,0.595850169,0.404149831,1.4743298728,0.1290130601
1.8591214926,0.2545854848,0.4621115382,0.5378884618,0.8591214926,0.2075260534
2.5307770664,0.3542887153,0.6048644453,0.3951355547,1.5307770664,0.3031136213
1.8872586611,0.2725116713,0.4701309256,0.5298690744,0.8872586611,0.1976192542
1.4562789712,0.8568475706,0.3133183822,0.6866816178,0.4562789712,0.8129121448
0.5706749366,0.2172371269,0.0,1.0,0.0,0.2172371269
1.1385945491,0.3983477915,0.1217242565,0.8782757399,0.138594579,0.276623535
0.3111570825,0.1549266189,0.0,1.0,0.0,0.1549266189
2.1120846497,0.0287914108,0.5265341282,0.4734658718,1.1120846497,0.5003214648
1.6913663115,0.5191817679,0.4087620209,0.5912379791,0.6913663115,0.1104197471
1.3298769658,0.3574609271,0.2480507402,0.7519492598,0.3298769658,0.1094101869
1.5105823526,0.4802089987,0.3380036525,0.6619963475,0.5105823526,0.1422053462
0.5732030119,0.231225921,0.0,1.0,0.0,0.231225921
2.735539343,0.9685272679,0.6344413753,0.3655586247,1.735539343,1.7797639796
1.0754011859,0.5567045753,0.0701340693,0.929864332,0.0754239805,0.486570506
0.0974341881,0.8483399057,0.0,1.0,0.0,0.8483399057
2.4362540283,0.476490321,0.5895337726,0.4104662274,1.4362540283,0.1798443439
2.5980098359,0.6600553177,0.6150899869,0.3849100131,1.5980098359,0.193950689
2.4001441752,0.0543826129,0.5833583623,0.4166416377,1.4001441752,0.5738206485
2.478078247,0.9540879022,0.5964614914,0.4035385086,1.478078247,1.4018862641
1.8716868041,0.0991334993,0.4657225782,0.5342774218,0.8716868041,0.366589079
2.1583409911,0.9236858314,0.5366811805,0.4633188195,1.1583409911,1.1583498987
1.9435337265,0.7380590359,0.4854732972,0.5145267028,0.9435337265,0.4720537631
2.3590841928,0.3140564387,0.576106693,0.423893307,1.3590841928,0.3053539617
2.1332058986,0.5831718697,0.5312219975,0.4687780025,1.1332058986,0.0804181572
1.576011267,0.8966579015,0.3654867697,0.6345132303,0.576011267,0.9700703541
2.6250118596,0.6901316815,0.6190493402,0.3809506598,1.6250118596,0.3387028899
0.1300655263,0.051984366,0.0,1.0,0.0,0.051984366
2.6046372014,0.1526400256,0.6160693706,0.3839306294,1.6046372014,0.5554151713
1.5359665236,0.9437253935,0.3489441439,0.6510558561,0.5359665236,1.1295260078
1.4869099439,0.0179760883,0.3274643134,0.6725356866,0.4869099439,0.3094882251
1.8918998382,0.9145719441,0.4714307915,0.5285692085,0.8918998382,1.0903740765
1.257732432,0.4135509241,0.204918332,0.795081668,0.257732432,0.2086325921
1.8717500481,0.9748947612,0.4657406308,0.5342593692,0.8717500481,1.3490133553
0.5889632614,0.6787458064,0.0,1.0,0.0,0.6787458064
2.5668822693,0.6135600478,0.6104223353,0.3895776647,1.5668822693,0.0114385634
0.4540253098,0.4500757242,0.0,1.0,0.0,0.4500757242
0.0232394679,0.9361820864,0.0,1.0,0.0,0.9361820864
1.8205754736,0.7824225279,0.4507231287,0.5492768713,0.8205754736,0.6132851649
0.9597182084,0.6051867837,0.0005655724,0.9994103414,0.0005659061,0.6046212113
1.0885996662,0.6334323205,0.0813937006,0.9186058092,0.088605689,0.5520386199
2.5978132653,0.4056127815,0.6150608616,0.3849391384,1.5978132653,0.2665339581
0.1300498511,0.6558052627,0.0,1.0,0.0,0.6558052627
1.6799959403,0.6376799627,0.4047604664,0.5952395336,0.6799959403,0.2661336993
2.2500666538,0.1036411736,0.5555687214,0.4444312786,1.2500666538,0.4666729013
0.9273061391,0.5383679964,2.97148e-05,0.9999679547,2.97158e-05,0.5383382816
2.0499446129,0.179764964,0.512181942,0.487818058,1.0499446129,0.3330162617
1.7194564909,0.8376036088,0.4184208759,0.5815791241,0.7194564909,0.7882504616
2.5881980064,0.9672003205,0.6136307974,0.3863692026,1.5881980064,1.4697780787
0.2463641881,0.0235661406,0.0,1.0,0.0,0.0235661406
1.1734271135,0.2500626293,0.1477953865,0.8522046134,0.1734271139,0.1022672428
0.9198827387,0.4630841673,1.43828e-05,0.9999843643,1.4383e-05,0.4630697845
2.0630919405,0.1191278033,0.5152906274,0.4847093726,1.0630919405,0.3963500132
0.9144192036,0.7881926697,7.5189e-06,0.9999917773,7.519e-06,0.7881851507
2.3973090882,0.866107129,0.5828656368,0.4171343632,1.3973090882,0.9463911372
0.833071898,0.7843274749,1e-09,0.9999999988,1e-09,0.7843274738
0.7999103618,0.9968207423,0.0,1.0,0.0,0.9968207423
1.2318516042,0.7395900945,0.1882139078,0.8117860922,0.2318516042,0.5513761867
1.2039116793,0.3256120207,0.1693742845,0.8306257155,0.2039116793,0.1562377362
2.2298692021,0.5463639727,0.5515432031,0.4484567969,1.2298692021,0.0081227181
2.302269033,0.5298114425,0.5656458973,0.4343541027,1.302269033,0.0587790912
0.9056570892,0.9222623374,2.0854e-06,0.9999976973,2.0854e-06,0.9222602519
0.4676036418,0.9901983466,0.0,1.0,0.0,0.9901983466
0.8110153535,0.6985349249,1e-10,0.9999999999,1e-10,0.6985349248
1.7557932246,0.7886018397,0.4304568522,0.5695431478,0.7557932246,0.6336457034
1.4922903155,0.0156799178,0.3298891043,0.6701108957,0.4922903155,0.3142091865
1.8697131189,0.5366575446,0.4651585904,0.5348414096,0.8697131189,0.0719845252
1.1246152027,0.9279774902,0.1108068645,0.8891931504,0.1246150676,0.8884564381
0.208024793,0.1461890658,0.0,1.0,0.0,0.1461890658
2.124389192,0.989999987,0.5292764604,0.4707235396,1.124389192,1.4782403229
2.7664451141,0.2620702256,0.6385252703,0.3614747297,1.7664451141,0.8220537033
0.7442369217,0.3811494439,0.0,1.0,0.0,0.3811494439
1.7062267235,0.8885541725,0.4139114186,0.5860885814,0.7062267235,0.9645451533
1.5926881575,0.1044918021,0.3721306991,0.6278693009,0.5926881575,0.267638897
0.8765300068,0.2933849577,1.514e-07,0.9999998272,1.514e-07,0.2933848063
2.5254106316,0.5445603213,0.604024792,0.395975208,1.5254106316,0.1573362611
0.3746078263,0.8646900498,0.0,1.0,0.0,0.8646900498
0.9447128618,0.2210058963,0.0001427464,0.9998488769,0.0001427679,0.22086315
1.9994077827,0.8118375094,0.4998519018,0.5001480982,0.9994077827,0.7008408713
0.1921451478,0.5238954296,0.0,1.0,0.0,0.5238954296
1.9582920573,0.503581402,0.4893509391,0.5106490609,0.9582920573,0.0142304629
1.3493300176,0.2407008626,0.2588914595,0.7411085405,0.3493300176,0.0181905969
1.2220737232,0.2533382725,0.1817187613,0.8182812387,0.2220737232,0.0716195112
0.5777443119,0.5603274013,0.0,1.0,0.0,0.5603274013
2.1453768289,0.6714440322,0.5338814205,0.4661185795,1.1453768289,0.2609399329
1.3584034671,0.6165311136,0.2638416905,0.7361583095,0.3584034671,0.3526894231
1.140446744,0.2326789684,0.1231506518,0.876849346,0.1404467624,0.1095283166
2.3511315544,0.8178836863,0.5746728854,0.4253271146,1.3511315544,0.7243360709
2.512030819,0.7904073698,0.601915712,0.398084288,1.512030819,0.5951401946
0.9178195616,0.9023798051,8.2365e-06,0.9999910259,8.2366e-06,0.9023715686
0.9868678523,0.6670514445,0.0043357945,0.9955870353,0.004355013,0.66271565
0.7445723766,0.3620336636,0.0,1.0,0.0,0.3620336636
1.3344983352,0.9269288361,0.2506547415,0.7493452585,0.3344983352,0.9968077119
1.1568511815,0.2309285538,0.1355845819,0.8644154178,0.1568511842,0.0953439719
0.7011634264,0.8571234227,0.0,1.0,0.0,0.8571234227
0.4520576011,0.8455140046,0.0,1.0,0.0,0.8455140046
0.509289507,0.8338569363,0.0,1.0,0.0,0.8338569363
0.5117962991,0.334513047,0.0,1.0,0.0,0.334513047
0.7110304544,0.6404375776,0.0,1.0,0.0,0.6404375776
1.0115202859,0.4638628637,0.0161128055,0.9838085412,0.016377989,0.4477500582
1.1020163925,0.5515045786,0.0925737506,0.9074261052,0.1020179495,0.458930828
1.0310350393,0.0342752126,0.0302577195,0.9697372284,0.0312019779,0.0040174931
0.8204923103,0.726537819,3e-10,0.9999999997,3e-10,0.7265378187
2.6430037521,0.9321734283,0.6216426105,0.3783573895,1.6430037521,1.2444329854
0.7490818899,0.3331233166,0.0,1.0,0.0,0.3331233166
0.1441714938,0.4710818377,0.0,1.0,0.0,0.4710818377
1.5836719825,0.9605005326,0.3685561082,0.6314438918,0.5836719825,1.2088899564
0.7353244563,0.1268826894,0.0,1.0,0.0,0.1268826894
1.0861723381,0.5996954658,0.0793423348,0.9206570477,0.08618012,0.520353131
0.1691776911,0.9493702004,0.0,1.0,0.0,0.9493702004
2.1868636141,0.0938724715,0.5427241125,0.4572758875,1.1868636141,0.4574138047
0.4329735625,0.119723954,0.0,1.0,0.0,0.119723954
2.6797031315,0.4212163086,0.6268243343,0.3731756657,1.6797031315,0.3776526547
1.0140181281,0.6781194209,0.0177977529,0.9821289135,0.0181216057,0.660321668
0.3337261119,0.1800522169,0.0,1.0,0.0,0.1800522169
1.5758406089,0.1643345588,0.3654180541,0.6345819459,0.5758406089,0.2010834953
1.3116494115,0.4264845054,0.2376011522,0.7623988478,0.3116494115,0.1888833532
2.0958359891,0.9092987776,0.5228634277,0.4771365723,1.0958359891,1.0876381636
2.6873188724,0.3068351503,0.6278818974,0.3721181026,1.6873188724,0.5227931008
2.1833117084,0.4402662461,0.5419801963,0.4580198037,1.1833117084,0.1034031801
1.4965984743,0.0103713328,0.3318181081,0.6681818919,0.4965984743,0.3214467753
2.8519112418,0.3925596377,0.6493579475,0.3506420438,1.8519112552,0.6832799784
1.6339538068,0.0878720094,0.3879875944,0.6120124056,0.6339538068,0.3001155849
1.3117297641,0.5283699496,0.2376478545,0.7623521455,0.3117297641,0.2907220952
0.5242468857,0.6725115758,0.0,1.0,0.0,0.6725115758
0.0658883185,0.6950018611,0.0,1.0,0.0,0.6950018611
1.297849914,0.7864096958,0.2294948829,0.7705051171,0.297849914,0.5799062124
2.1151922901,0.5775749094,0.5272297442,0.4727702558,1.1151922901,0.0749817714
1.8285061614,0.2786125964,0.4531054797,0.5468945203,0.8285061614,0.1744928833
2.9914075193,0.3604081389,0.6571040842,0.3258272328,2.016725485,3.2312874053
2.9303667137,0.098581372,0.6586981352,0.3412030124,1.9305167635,2.203777671
0.4545590098,0.5162508914,0.0,1.0,0.0,0.5162508914
2.155833258,0.1851258303,0.5361422335,0.4638577665,1.155833258,0.3540000119
0.7746569814,0.6792947524,0.0,1.0,0.0,0.6792947524
0.3842571159,0.2373148165,0.0,1.0,0.0,0.2373148165
0.1196859155,0.8921999317,0.0,1.0,0.0,0.8921999317
2.6315676012,0.2228644323,0.6199983616,0.3800016384,1.6315676012,0.5840411876
0.5191102107,0.9280728695,0.0,1.0,0.0,0.9280728695
0.9322364202,0.5316365628,4.77153e-05,0.9999488137,4.77178e-05,0.5315888475
0.0295773477,0.1256949911,0.0,1.0,0.0,0.1256949911
0.5571324581,0.4695745585,0.0,1.0,0.0,0.4695745585
2.4392834579,0.7604950273,0.5900435447,0.4099564553,1.4392834579,0.5065458987
1.3765198254,0.7515094046,0.2735302598,0.7264697402,0.3765198254,0.5109287275
0.2978228272,0.5734252017,0.0,1.0,0.0,0.5734252017
0.3149724009,0.7449503915,0.0,1.0,0.0,0.7449503915
1.5799064962,0.9693544595,0.3670511499,0.6329488501,0.5799064962,1.2425389681
0.6284156102,0.9367948213,0.0,1.0,0.0,0.9367948213
1.4282408648,0.4393350537,0.2998379863,0.7001620137,0.4282408648,0.1394970674
1.6257582118,0.4506815335,0.3849023842,0.6150976158,0.6257582118,0.0657791494
2.316574873,0.0140518446,0.5683282195,0.4316717805,1.316574873,0.5858098011
2.3670639074,0.3628918928,0.5775356986,0.4224643014,1.3670639074,0.2434160504
1.7042437746,0.7397132233,0.4132294834,0.5867705166,0.7042437746,0.4966807947
1.6824857772,0.0638727918,0.4056413352,0.5943586648,0.6824857772,0.3417685435
2.0783264168,0.5669355904,0.5188436273,0.4811563727,1.0783264168,0.066366291
2.2245968418,0.2714930467,0.5504803472,0.4495196528,1.2245968418,0.2803140565
1.6147231487,0.5253502382,0.3806987899,0.6193012101,0.6147231487,0.1446514483
1.6695414487,0.4513708297,0.4010331395,0.5989668605,0.6695414487,0.0503376902
0.8877384363,0.9778979901,1.242e-07,0.9999998601,1.242e-07,0.9778978659
0.4462161202,0.2895071698,0.0,1.0,0.0,0.2895071698
2.8799193897,0.4239846563,0.6527679048,0.3472317661,1.8799198938,1.0773777004
1.7750621505,0.8683210047,0.436639444,0.563360556,0.7750621505,0.899040523
0.856525555,0.1584337695,1.36e-08,0.9999999841,1.36e-08,0.1584337558
0.8862168636,0.5597040065,4.523e-07,0.9999994896,4.523e-07,0.5597035542
2.4719029658,0.8240710504,0.5954533759,0.4045466241,1.4719029658,0.7451809524
1.6929725572,0.9552277556,0.4093229712,0.5906770288,0.6929725572,1.2197416741
2.5376922427,0.7714830242,0.6059411842,0.3940588158,1.5376922427,0.5791024668
2.9141993665,0.7902373618,0.6568615839,0.3431572736,1.9141706571,2.0109651751
1.3210848629,0.0765007645,0.2430463567,0.7569536433,0.3210848629,0.1665455922
2.9197900091,0.4557207957,0.657495283,0.3424748009,1.9198355071,1.7490283581
