k,x_zero,x_t,Component A,Component B,Fatigue
2.5129046,0.8131422073,0.6020541329,0.3979458671,1.5129046,0.6696975005
0.6432927097,0.25676933,0.0,1.0,0.0,0.25676933
0.7926933996,0.8288206243,0.0,1.0,0.0,0.8288206243
1.458015782,0.9953589492,0.3141363678,0.6858636322,0.458015782,1.2960246756
2.1936071857,0.825239348,0.5441298668,0.4558701332,1.1936071857,0.7437268934
1.8165441314,0.6563465369,0.4495041531,0.5504958469,0.8165441314,0.2863867043
1.6710333156,0.8326127028,0.4015678858,0.5984321142,0.6710333156,0.7684008064
2.9666938573,0.2334915399,0.6646468072,0.338867124,1.9613788422,3.7364072824
0.6497109837,0.917071398,0.0,1.0,0.0,0.917071398
0.8850662206,0.4245344892,3.992e-07,0.999999549,3.992e-07,0.42453409
2.95486137,0.0982569926,0.6610313285,0.3378573474,1.9565397457,2.9243575395
1.8852418523,0.7482872467,0.4695640781,0.5304359219,0.8852418523,0.5076677368
0.674992108,0.5086071446,0.0,1.0,0.0,0.5086071446
0.5329213924,0.1752143573,0.0,1.0,0.0,0.1752143573
0.8736805724,0.7986984708,1.006e-07,0.9999998849,1.006e-07,0.7986983702
2.0851951159,0.465686288,0.5204285717,0.4795714283,1.0851951159,0.0550261212
0.0043498864,0.3194848152,0.0,1.0,0.0,0.3194848152
1.6652378956,0.0419965755,0.3994852011,0.6005147989,0.6652378956,0.3574886256
2.0185864442,0.095141377,0.5046038267,0.4953961733,1.0185864442,0.4094680391
1.9029941152,0.0300133205,0.4745123004,0.5254876996,0.9029941152,0.4444989798
0.7749824089,0.1677967687,0.0,1.0,0.0,0.1677967687
1.7275596878,0.5578103219,0.4211487991,0.5788512009,0.7275596878,0.1366615229
2.3442186281,0.0856129889,0.5734186274,0.4265813726,1.3442186281,0.5186035887
2.3531994084,0.2696627534,0.575046638,0.424953362,1.3531994084,0.3372933652
0.9163266767,0.8168140203,8.7957e-06,0.999990401,8.7958e-06,0.8168052245
2.8032237363,0.9103080887,0.6432678608,0.3567321391,1.8032237364,1.7002252249
2.173351519,0.7929104584,0.5398811507,0.4601188493,1.173351519,0.6274645013
2.9158680598,0.6517248248,0.6570481509,0.3429501684,1.9158706177,0.1200274278
1.5503147572,0.1371629074,0.3549696954,0.6450303046,0.5503147572,0.217806788
0.797453861,0.4771716577,0.0,1.0,0.0,0.4771716577
0.9528853797,0.0256620109,0.0001330417,0.9998603606,0.0001330603,0.0255289692
1.7409286435,0.0200705281,0.4255939187,0.5744060813,0.7409286435,0.4055233906
2.5635960932,0.1962710974,0.6099229506,0.3900770494,1.5635960932,0.4487398729
2.1990884669,0.5163653661,0.5452661341,0.4547338659,1.1990884669,0.0387629079
0.6409983521,0.5061401514,0.0,1.0,0.0,0.5061401514
0.3663580059,0.1903496444,0.0,1.0,0.0,0.1903496444
0.2027981642,0.226914176,0.0,1.0,0.0,0.226914176
2.042684767,0.7721248942,0.5104482022,0.4895517978,1.042684767,0.5638905519
1.4841511303,0.1043341142,0.3262141708,0.6737858292,0.4841511303,0.2218800566
1.5024694928,0.7093806928,0.3344290817,0.6655709183,0.5024694928,0.4243123783
2.633537905,0.1641088795,0.6202826631,0.3797173369,1.633537905,0.4979912355
2.3538050639,0.0976398034,0.5751559824,0.4248440176,1.3538050639,0.4940426884
0.704997316,0.3341023724,0.0,1.0,0.0,0.3341023724
0.7486584559,0.8989888243,0.0,1.0,0.0,0.8989888243
1.818498209,0.0098814858,0.4500956916,0.5499043084,0.818498209,0.4402142057
1.6672465085,0.3244157453,0.4002086705,0.5997913295,0.6672465085,0.0757929251
0.2018005758,0.3168530825,0.0,1.0,0.0,0.3168530825
1.5938769572,0.3110037842,0.372598998,0.627401002,0.5938769572,0.0615952139
2.178008264,0.382202104,0.5408649193,0.4591350807,1.178008264,0.1664841235
0.3038884431,0.587540728,0.0,1.0,0.0,0.587540728
1.2734142265,0.7493212164,0.2147095743,0.7852904257,0.2734142265,0.5346116421
2.8656478246,0.0177245096,0.6510387557,0.3489612213,1.8656478599,0.7757709817
2.7324730825,0.4744886583,0.6340311616,0.3659688384,1.7324730825,0.5319349026
2.095114129,0.797365774,0.5226990329,0.4773009671,1.095114129,0.643223131
0.0006546914,0.5111530569,0.0,1.0,0.0,0.5111530569
1.2018589077,0.3891726524,0.1679555782,0.8320444218,0.2018589077,0.2212170743
2.9884100014,0.4960591685,0.6544666867,0.3239364844,2.0203549716,5.6673672405
1.4918480198,0.1709277605,0.3296904331,0.6703095669,0.4918480198,0.1587626727
2.1768305608,0.1179606982,0.5406165193,0.4593834807,1.1768305608,0.4304590605
1.0979018077,0.0025440598,0.0890243797,0.9109915797,0.0977225055,0.0864803199
2.6567088721,0.5361134223,0.6235944365,0.3764055635,1.6567088721,0.3155243805
2.4623189497,0.5589018116,0.5938787702,0.4061212298,1.4623189497,0.0851818646
0.124646277,0.3108439046,0.0,1.0,0.0,0.3108439046
1.9842357778,0.6566963111,0.4960276338,0.5039723662,0.9842357778,0.2580468507
1.3586620351,0.5841767079,0.2639817893,0.7360182107,0.3586620351,0.3201949186
1.482476325,0.5355607781,0.3254529714,0.6745470286,0.482476325,0.2101078067
0.6220223514,0.6253837839,0.0,1.0,0.0,0.6253837839
0.6830855104,0.5732385052,0.0,1.0,0.0,0.5732385052
2.490752821,0.1479095497,0.5985149584,0.4014850416,1.490752821,0.535771045
1.2698765444,0.9024689533,0.2125218751,0.7874781249,0.2698765444,0.8914449575
2.6201920545,0.2116072805,0.618348587,0.381651413,1.6201920545,0.551503174
1.9582464303,0.2194195733,0.489339041,0.510660959,0.9582464303,0.2699194677
0.3551530658,0.0531023806,0.0,1.0,0.0,0.0531023806
0.8813984458,0.8056932348,2.305e-07,0.9999997385,2.305e-07,0.8056930044
0.8524533761,0.5059987745,1.13e-08,0.9999999868,1.13e-08,0.5059987633
2.7197314703,0.7265848015,0.6323166419,0.3676833581,1.7197314703,0.6028683968
0.5794829015,0.5550106066,0.0,1.0,0.0,0.5550106066
1.8730441774,0.6871552266,0.4661097629,0.5338902371,0.8730441774,0.3479574329
2.791886485,0.8188895708,0.6418192483,0.3581807518,1.791886485,0.987478365
1.6749195714,0.8580171813,0.4029564063,0.5970435937,0.6749195714,0.852883796
1.041641467,0.4697653659,0.0404428586,0.9595366324,0.0421483216,0.4293225073
2.9071756642,0.4609929472,0.6560197989,0.3439723409,1.9071876457,1.5529901632
1.6064545463,0.7152564718,0.3775111768,0.6224888232,0.6064545463,0.4384116385
0.9947513641,0.2836021092,0.0069922307,0.9929207603,0.0070420833,0.2766098785
1.4314186331,0.4811910567,0.3013923552,0.6986076448,0.4314186331,0.1797987015
0.4210213812,0.8462780059,0.0,1.0,0.0,0.8462780059
0.4033579059,0.7323454255,0.0,1.0,0.0,0.7323454255
2.2488709429,0.1328871279,0.55533242,0.44466758,1.2488709429,0.4247521864
0.86053361,0.8930197207,1.78e-08,0.9999999794,1.78e-08,0.8930197029
0.8891222847,0.075482272,3.486e-07,0.9999996079,3.486e-07,0.0754819234
2.2779842506,0.2499102299,0.5610154022,0.4389845978,1.2779842506,0.3138389122
2.8728177841,0.0475913575,0.651909739,0.3480903415,1.8728176607,0.8818644779
2.3910712346,0.0502873226,0.5817774119,0.4182225881,1.3910712346,0.554573736
0.56970991,0.9095878856,0.0,1.0,0.0,0.9095878856
2.0680235272,0.4034170237,0.5164465071,0.4835534929,1.0680235272,0.1142080422
0.425858192,0.3406710266,0.0,1.0,0.0,0.3406710266
2.286478152,0.2237920638,0.5626461599,0.4373538401,1.286478152,0.3496640143
0.6290436927,0.4384942282,0.0,1.0,0.0,0.4384942282
0.4707122759,0.9480147563,0.0,1.0,0.0,0.9480147563
0.2717131076,0.2828589489,0.0,1.0,0.0,0.2828589489
1.2279702133,0.003568629,0.1856479991,0.8143520009,0.227970213,0.1820793701
0.5807484839,0.7519610185,0.0,1.0,0.0,0.7519610185
0.8197471358,0.9706379725,1e-10,0.9999999999,1e-10,0.9706379724
2.1621367585,0.5905260803,0.5374945659,0.4625054341,1.1621367585,0.0869770288
1.176867335,0.422076723,0.1502865532,0.8497134468,0.1768673354,0.2717901699
2.2025399572,0.2081345563,0.5459787248,0.4540212752,1.2025399572,0.349149327
2.1788898134,0.4965570721,0.5410506792,0.4589493208,1.1788898134,0.0534422959
0.1914532329,0.9895834157,0.0,1.0,0.0,0.9895834157
0.466635192,0.918281288,0.0,1.0,0.0,0.918281288
1.2957126704,0.6116115396,0.2282239552,0.7717760448,0.2957126704,0.3833875844
1.4501506939,0.985199363,0.3104164938,0.6895835062,0.4501506939,1.2533248854
1.8701361974,0.7339298128,0.4652795869,0.5347204131,0.8701361974,0.4688208157
2.2799757535,0.7692537544,0.5613988445,0.4386011555,1.2799757535,0.5297946605
1.6273181968,0.786794584,0.385492031,0.614507969,0.6273181968,0.6263250489
2.3941554571,0.4722595164,0.5823161787,0.4176838213,1.3941554571,0.1588999858
0.4718671945,0.8765882669,0.0,1.0,0.0,0.8765882669
0.8313051561,0.537872612,1e-09,0.9999999988,1e-09,0.537872611
0.845159625,0.7135076768,4.6e-09,0.9999999946,4.6e-09,0.7135076722
0.0383936491,0.0333642481,0.0,1.0,0.0,0.0333642481
1.2690369437,0.4249652145,0.212000876,0.787999124,0.2690369437,0.2129643386
1.5782336626,0.7954257384,0.3663802619,0.6336197381,0.5782336626,0.6481741694
0.2075141718,0.3816008375,0.0,1.0,0.0,0.3816008375
2.3089371798,0.6451568068,0.5669003,0.4330997,1.3089371798,0.1797670157
0.3746783291,0.6619670258,0.0,1.0,0.0,0.6619670258
0.7607979138,0.8162224359,0.0,1.0,0.0,0.8162224359
2.3896694677,0.2086965049,0.5815320849,0.4184679151,1.3896694677,0.3856413416
2.6181964922,0.460628991,0.6180576962,0.3819423038,1.6181964922,0.3361352246
2.1060947316,0.2663761648,0.5251875497,0.4748124503,1.1060947316,0.2613302455
2.6830438153,0.2941779174,0.6272889789,0.3727110211,1.6830438153,0.5631678311
0.8655607419,0.6361563715,4.74e-08,0.9999999453,4.74e-08,0.6361563241
0.3529052253,0.0851504737,0.0,1.0,0.0,0.0851504737
0.8676106961,0.8680869128,4.36e-08,0.9999999498,4.36e-08,0.8680868692
2.1714869252,0.4672550174,0.5394860598,0.4605139402,1.1714869252,0.0747890853
2.8198363266,0.2363281933,0.6453694883,0.3546305122,1.8198363259,1.0859580178
0.9289745693,0.0452481484,1.73215e-05,0.9999813539,1.73218e-05,0.0452308269
2.4945633365,0.875204947,0.599128238,0.400871762,1.4945633365,1.030490115
1.6644215249,0.1221747308,0.3991906587,0.6008093413,0.6644215249,0.2770159279
1.5123217532,0.9777716472,0.3387650492,0.6612349508,0.5123217532,1.2507983288
1.2798241449,0.9389338173,0.2186426518,0.7813573482,0.2798241449,1.0108136489
0.403657152,0.0595754777,0.0,1.0,0.0,0.0595754777
0.6731813423,0.0772066283,0.0,1.0,0.0,0.0772066283
1.1581252788,0.6054773184,0.1365355584,0.8634644412,0.1581252821,0.46894176
1.6582697038,0.41435738,0.3969617863,0.6030382137,0.6582697038,0.0173955937
1.3857720421,0.2923884439,0.2783805925,0.7216194075,0.3857720421,0.0140078514
1.8297048139,0.559335642,0.4534637541,0.5465362459,0.8297048139,0.11083074
2.547749337,0.6567844532,0.6074967088,0.3925032912,1.547749337,0.1855769619
1.3855313322,0.3961102845,0.2782552247,0.7217447753,0.3855313322,0.1178550598
2.5250772318,0.5853489576,0.6039725093,0.3960274907,1.5250772318,0.0567578516
0.5333511387,0.5715251709,0.0,1.0,0.0,0.5715251709
2.4217103037,0.9429314566,0.5870686934,0.4129313066,1.4217103037,1.3323298503
1.8203552107,0.6973331477,0.4506566663,0.5493433337,0.8203552107,0.3795828238
2.7868039985,0.5545691638,0.6411660093,0.3588339907,1.7868039985,0.548607038
2.2750065548,0.9506291302,0.5604408269,0.4395591731,1.2750065548,1.3108123927
2.6888943837,0.7018566604,0.6280999335,0.3719000665,1.6888943837,0.4308459184
1.752179198,0.9362809012,0.4292821184,0.5707178816,0.752179198,1.1564965889
2.1572223952,0.8753256559,0.5364409334,0.4635590666,1.1572223952,0.9469730857
2.2653196521,0.4962278471,0.5585611951,0.4414388049,1.2653196521,0.0837356092
1.5433181754,0.5660082641,0.3520454719,0.6479545281,0.5433181754,0.2139627922
0.4397392156,0.8223512057,0.0,1.0,0.0,0.8223512057
0.6131185103,0.99673202,0.0,1.0,0.0,0.99673202
1.5142756928,0.2199432311,0.3396182711,0.6603817289,0.5142756928,0.1196750401
0.6369644156,0.7030788828,0.0,1.0,0.0,0.7030788828
0.9495813673,0.1203646738,0.0001964302,0.9997930974,0.0001964708,0.1201682436
0.0753596602,0.5410046641,0.0,1.0,0.0,0.5410046641
0.7761906052,0.2831987555,0.0,1.0,0.0,0.2831987555
2.8922855162,0.9532294224,0.6542529667,0.3457476663,1.8922845488,1.6636419387
1.6472503996,0.8827024929,0.3929277539,0.6070722461,0.6472503996,0.934521581
2.146130257,0.6424422552,0.5340450577,0.4659549423,1.146130257,0.1961184297
1.3139006478,0.2982251565,0.2389074458,0.7610925542,0.3139006478,0.0593177107
1.0508103097,0.6121223784,0.0485579138,0.9514310901,0.0510367112,0.5635644647
1.4128786133,0.5990236884,0.2922251136,0.7077748864,0.4128786133,0.3067985748
2.8361340684,0.9934973627,0.6474073601,0.3525926412,1.8361340664,1.7493410537
1.6170609428,0.4909769839,0.3815941171,0.6184058829,0.6170609428,0.1093828668
2.8808837915,0.5893402071,0.6528841447,0.3471155282,1.8808842924,0.818775345
1.5231967811,0.0410174897,0.3434860076,0.6565139924,0.5231967811,0.3024685179
2.9023015729,0.1431317366,0.6554462898,0.3445546,1.9023002154,0.717695512
0.4035185559,0.9316734373,0.0,1.0,0.0,0.9316734373
0.351266167,0.9775645501,0.0,1.0,0.0,0.9775645501
2.0504145861,0.1533376457,0.5122937543,0.4877062457,1.0504145861,0.359353679
2.7918701001,0.3981993804,0.6418171462,0.3581828538,1.7918701001,0.5141286139
2.3538905696,0.5610481283,0.575171415,0.424828585,1.3538905696,0.0282729944
0.4525843528,0.2453528736,0.0,1.0,0.0,0.2453528736
0.8229478913,0.9048625499,2e-10,0.9999999997,2e-10,0.9048625497
1.8958408297,0.7692233667,0.4725295582,0.5274704418,0.8958408297,0.568658227
0.8464469698,0.6438942609,5.5e-09,0.9999999934,5.5e-09,0.6438942554
1.925382207,0.6868229662,0.4806226024,0.5193773976,0.925382207,0.339157005
0.9253533612,0.9014306543,1.77513e-05,0.9999808164,1.77516e-05,0.901412903
1.1089531396,0.7067570465,0.0982491952,0.9017507371,0.1089538285,0.6085078513
1.3767196677,0.7188735218,0.2736357129,0.7263642871,0.3767196677,0.4452378089
1.1798773289,0.953196279,0.1524542622,0.847545738,0.1798773274,1.0003744935
0.7490384389,0.2354657188,0.0,1.0,0.0,0.2354657188
0.119968927,0.8990654628,0.0,1.0,0.0,0.8990654628
0.2028779647,0.5601285967,0.0,1.0,0.0,0.5601285967
1.5855156592,0.2846877343,0.3692903667,0.6307096333,0.5855156592,0.0846026324
0.1508365714,0.3431075931,0.0,1.0,0.0,0.3431075931
2.2341207602,0.8734399276,0.5523966216,0.4476033784,1.2341207602,0.9373721964
2.7787680273,0.8521794623,0.6401282906,0.3598717094,1.7787680273,0.8469769967
2.120940942,0.8564368797,0.5285111527,0.4714888473,1.120940942,0.8665605745
0.425939756,0.0862582384,0.0,1.0,0.0,0.0862582384
2.2838035053,0.8604774574,0.5621339587,0.4378660413,1.2838035053,0.885755385
1.004568137,0.7186158149,0.0117483885,0.9881649677,0.0118890964,0.7068674264
1.4550102793,0.1128807523,0.3127196322,0.6872803678,0.4550102793,0.1998388798
2.3445691916,0.1403018361,0.5734824105,0.4265175895,1.3445691916,0.4683218575
1.1139348249,0.6515848988,0.1022817496,0.8977182067,0.1139352515,0.5493031491
2.3996589487,0.8677387689,0.5832741146,0.4167258854,1.3996589487,0.9536855828
2.7504363713,0.3499872676,0.6364213292,0.3635786708,1.7504363713,0.3490945274
0.8670926247,0.556928704,5.72e-08,0.999999934,5.72e-08,0.5569286468
0.275919445,0.5392909687,0.0,1.0,0.0,0.5392909687
0.1095372632,0.5719988671,0.0,1.0,0.0,0.5719988671
1.6186395933,0.1194902849,0.3821972451,0.6178027549,0.6186395933,0.2627069602
0.190037651,0.456194319,0.0,1.0,0.0,0.456194319
0.5362368322,0.7824050978,0.0,1.0,0.0,0.7824050978
2.3087217361,0.7951666454,0.5668598842,0.4331401158,1.3087217361,0.6284357651
2.0415440655,0.3754335503,0.5101746678,0.4898253322,1.0415440655,0.1348008619
2.1428808909,0.6144983138,0.5333385051,0.4666614949,1.1428808909,0.1378736564
1.2570792098,0.8254658612,0.2045051798,0.7954948202,0.2570792098,0.6677512765
2.2964287989,0.9167460974,0.5645412562,0.4354587438,1.2964287989,1.1579012426
2.4724546736,0.9768701099,0.5955436471,0.4044563529,1.4724546736,1.5498901758
1.5099538895,0.1358348225,0.3377281207,0.6622718793,0.5099538895,0.2018932982
0.335515304,0.9214144525,0.0,1.0,0.0,0.9214144525
2.9614989526,0.2973126608,0.6630323704,0.3383956898,1.9593404718,2.1270084868
0.4145522552,0.080867969,0.0,1.0,0.0,0.080867969
1.6319696346,0.6261166222,0.3872435009,0.6127564991,0.6319696346,0.2492895732
2.1376120157,0.4927736718,0.5321882584,0.4678117416,1.1376120157,0.0443135122
2.121290295,0.6043166111,0.5285888017,0.4714111983,1.121290295,0.1221335345
0.5399417202,0.8553221507,0.0,1.0,0.0,0.8553221507
0.2019525451,0.0551277907,0.0,1.0,0.0,0.0551277907
0.8182880346,0.3565918136,2e-10,0.9999999997,2e-10,0.3565918134
0.6695706144,0.9575243587,0.0,1.0,0.0,0.9575243587
0.3184972252,0.3346863401,0.0,1.0,0.0,0.3346863401
0.9576181208,0.873943308,0.0004093373,0.9995723636,0.0004095124,0.8735339707
2.7984898733,0.9814287835,0.6426644207,0.3573355793,1.7984898733,1.7148894932
0.344548496,0.184445543,0.0,1.0,0.0,0.184445543
1.6449306235,0.5042386078,0.3920716256,0.6079283744,0.6449306235,0.1121669822
0.7107100001,0.9771439628,0.0,1.0,0.0,0.9771439628
2.1339036026,0.4470757846,0.5313752698,0.4686247302,1.1339036026,0.0854252097
0.1441918772,0.3479560152,0.0,1.0,0.0,0.3479560152
0.2347350103,0.960033217,0.0,1.0,0.0,0.960033217
0.5956394757,0.9453800923,0.0,1.0,0.0,0.9453800923
2.1702313803,0.8572971822,0.5392196385,0.4607803615,1.1702313803,0.8689324228
2.5996421422,0.830419502,0.6153316706,0.3846683294,1.5996421422,0.7481858573
1.9433614613,0.0110104018,0.4854276881,0.5145723119,0.9433614613,0.4744172863
2.1274944841,0.6738716541,0.5299635287,0.4700364713,1.1274944841,0.2688177148
2.1759574063,0.273345224,0.5404321808,0.4595678192,1.1759574063,0.2696251306
2.2123931665,0.7502584901,0.5480007735,0.4519992265,1.2123931665,0.4744856265
0.0882911532,0.3254223896,0.0,1.0,0.0,0.3254223896
2.5628729437,0.7186318398,0.609812885,0.390187115,1.5628729437,0.4366231616
0.2646836653,0.4649561466,0.0,1.0,0.0,0.4649561466
1.9720840034,0.111590597,0.4929222091,0.5070777909,0.9720840034,0.3813316121
1.9227229448,0.0579204505,0.4799042667,0.5200957333,0.9227229448,0.4219838161
0.8768220123,0.3066582086,1.577e-07,0.9999998202,1.577e-07,0.306658051
1.9332422868,0.7088601306,0.4827342611,0.5172657389,0.9332422868,0.393639181
1.3323092397,0.8953487159,0.2494235046,0.7505764954,0.3323092397,0.8950990869
0.9576662307,0.4817058164,0.0004778292,0.9995007991,0.0004780678,0.4812279872
2.0102960833,0.6126745576,0.5025608375,0.4974391625,1.0102960833,0.1611483184
0.7318518299,0.0841618421,0.0,1.0,0.0,0.0841618421
1.7295734821,0.4887471681,0.4218227729,0.5781772271,0.7295734821,0.0669243952
1.6601731671,0.9683242903,0.3976531968,0.6023468032,0.6601731671,1.2641346321
0.4871627421,0.9683887552,0.0,1.0,0.0,0.9683887552
0.9056686418,0.2406457282,3.1679e-06,0.9999965021,3.1679e-06,0.2406425603
0.6834266329,0.9295045651,0.0,1.0,0.0,0.9295045651
0.6709046764,0.1294673812,0.0,1.0,0.0,0.1294673812
0.1891801316,0.4110359907,0.0,1.0,0.0,0.4110359907
2.5430757404,0.6233506144,0.6067753767,0.3932246233,1.5430757404,0.0582006156
2.1992848305,0.9081852782,0.5453067351,0.4546932649,1.1992848305,1.0969707051
2.1728190155,0.8678143592,0.5397683871,0.4602316129,1.1728190155,0.9143275802
0.2527801244,0.7136857495,0.0,1.0,0.0,0.7136857495
2.6947445438,0.1583076039,0.6289073106,0.3710926894,1.6947445438,0.5094572608
2.980640705,0.8550822549,0.668278018,0.339395404,1.9690249486,3.2212793682
1.7241584203,0.2570897847,0.4200068925,0.5799931075,0.7241584203,0.1629171079
0.6768466812,0.4498005337,0.0,1.0,0.0,0.4498005337
2.2690753445,0.3644069774,0.5592918488,0.4407081512,1.2690753445,0.2129008616
2.2952089496,0.585149958,0.5643098202,0.4356901798,1.2952089496,0.0408179431
0.7587304498,0.1851222989,0.0,1.0,0.0,0.1851222989
1.5402523544,0.967618418,0.35075574,0.64924426,0.5402523544,1.2218526575
2.2368398637,0.3585812555,0.5529407285,0.4470592715,1.2368398637,0.2097464969
0.4417032227,0.9997858219,0.0,1.0,0.0,0.9997858219
1.1890140162,0.167210741,0.1589670211,0.8410329789,0.1890140162,0.0082437198
2.4995128341,0.6059594554,0.5999220383,0.4000779617,1.4995128341,0.0183749857
2.7416314895,0.7634949277,0.6352536788,0.3647463212,1.7416314895,0.8165543628
1.5341606442,0.7374544406,0.348177778,0.651822222,0.5341606442,0.4915579999
2.2537287735,0.4261183702,0.5562908848,0.4437091152,1.2537287735,0.1335297012
0.944916065,0.5181783202,0.0001554457,0.9998354655,0.0001554713,0.5180228745
0.8137861675,0.5967642981,1e-10,0.9999999998,1e-10,0.5967642979
2.9743392224,0.8800286475,0.6621834763,0.334567627,1.979221607,2.3892075501
0.2308725085,0.2258434461,0.0,1.0,0.0,0.2258434461
0.5340294297,0.4070636777,0.0,1.0,0.0,0.4070636777
2.1456272389,0.9251481669,0.5339358198,0.4660641802,1.1456272389,1.164789335
1.5263766643,0.069053882,0.3448537157,0.6551462843,0.5263766643,0.2757998338
0.793992774,0.6848556311,0.0,1.0,0.0,0.6848556311
1.8104077759,0.7898295662,0.447638254,0.552361746,0.8104077759,0.6364167018
0.3112241625,0.1263548434,0.0,1.0,0.0,0.1263548434
1.9466373065,0.2080426391,0.486293622,0.513706378,0.9466373065,0.2782509829
0.0614553732,0.1689761487,0.0,1.0,0.0,0.1689761487
1.8275548039,0.7773435051,0.4528207866,0.5471792134,0.8275548039,0.5975358003
1.8427071359,0.3087421151,0.4573201674,0.5426798326,0.8427071359,0.1485780523
2.3394517343,0.4664598016,0.5725494203,0.4274505797,1.3394517343,0.135989391
0.3978987384,0.7086406028,0.0,1.0,0.0,0.7086406028
0.2283616078,0.7574923977,0.0,1.0,0.0,0.7574923977
0.7133854371,0.5763842525,0.0,1.0,0.0,0.5763842525
1.6659374795,0.487960953,0.3997373777,0.6002626223,0.6659374795,0.0882235753
0.9676389752,0.4442105315,0.0010847604,0.9988777021,0.0010859792,0.4431257711
1.0252641197,0.1454427611,0.0262540143,0.9737013045,0.0269631089,0.1191887468
0.1946015666,0.117152106,0.0,1.0,0.0,0.117152106
0.3749990834,0.982506276,0.0,1.0,0.0,0.982506276
0.3162844977,0.0295767752,0.0,1.0,0.0,0.0295767752
1.8820484816,0.7287497423,0.4686640595,0.5313359405,0.8820484816,0.4533513723
2.4781565956,0.788351079,0.5964742495,0.4035257505,1.4781565956,0.5753185565
1.204241315,0.6308600845,0.1696016508,0.8303983492,0.204241315,0.4612584337
0.1626420471,0.6118248953,0.0,1.0,0.0,0.6118248953
1.4896074453,0.299590394,0.3286821954,0.6713178046,0.4896074453,0.0290918014
2.2149096333,0.8050811814,0.5485143118,0.4514856882,1.2149096333,0.6718404118
1.7969749314,0.8506025322,0.4435092096,0.5564907904,0.7969749314,0.8374002682
0.3496826038,0.6728814967,0.0,1.0,0.0,0.6728814967
0.6125493394,0.0437496362,0.0,1.0,0.0,0.0437496362
0.5489841836,0.801250151,0.0,1.0,0.0,0.801250151
1.1534544025,0.1327810941,0.1330389846,0.8669610154,0.1534544024,0.0002578905
0.1293921023,0.8200194931,0.0,1.0,0.0,0.8200194931
1.6211052548,0.0506621227,0.383136908,0.616863092,0.6211052548,0.3324747853
2.4689057905,0.2310967906,0.5949622688,0.4050377312,1.4689057905,0.4140144588
0.4240098457,0.9186827395,0.0,1.0,0.0,0.9186827395
2.6148177962,0.7277248286,0.6175641754,0.3824358246,1.6148177962,0.5024765103
1.3540876393,0.1546839304,0.2614953634,0.7385046366,0.3540876393,0.106811433
0.7256523416,0.3383926857,0.0,1.0,0.0,0.3383926857
2.9428619511,0.3795172246,0.6601018068,0.339706746,1.9431518938,1.4149864462
1.4566250794,0.9731162763,0.3134815443,0.6865184557,0.4566250794,1.210384315
0.0113924221,0.2272951228,0.0,1.0,0.0,0.2272951228
2.3401773804,0.9221564544,0.5726819649,0.4273180351,1.3401773804,1.1955965492
2.8980150125,0.3297848394,0.6549365549,0.3450641422,1.8980139483,0.5705250787
0.8106166808,0.160280971,1e-10,0.9999999999,1e-10,0.1602809709
0.0606035716,0.9181282137,0.0,1.0,0.0,0.9181282137
0.3871033058,0.7763072218,0.0,1.0,0.0,0.7763072218
0.9061491218,0.6604476123,3.5292e-06,0.9999961053,3.5292e-06,0.6604440831
1.0941393828,0.7599404349,0.0860421714,0.9139575679,0.0941424136,0.6738982635
1.4478646465,0.5532972393,0.3093277038,0.6906722962,0.4478646465,0.2439695355
1.8866211669,0.0236836695,0.4699518814,0.5300481186,0.8866211669,0.4462682119
2.3956750323,0.3230165682,0.5825811153,0.4174188847,1.3956750323,0.3106002361
2.6954582135,0.1840512786,0.6290055639,0.3709944361,1.6954582135,0.5834580304
0.257753333,0.4875593261,0.0,1.0,0.0,0.4875593261
0.7093690023,0.397765058,0.0,1.0,0.0,0.397765058
0.4701590801,0.4564443186,0.0,1.0,0.0,0.4564443186
1.3262444705,0.3815370895,0.2459912013,0.7540087987,0.3262444705,0.1355458882
1.5778612995,0.3088213987,0.3662307325,0.6337692675,0.5778612995,0.0574093338
2.5160067772,0.1739279245,0.6025447908,0.3974552092,1.5160067772,0.4709828971
1.9913869367,0.3972537416,0.497837421,0.502162579,0.9913869367,0.1005836794
1.1763471204,0.0044227681,0.1499107478,0.8500892602,0.1763470671,0.1454879797
2.5754041802,0.7415424957,0.6117114324,0.3882885676,1.5754041802,0.5250693755
0.3975880921,0.1073243508,0.0,1.0,0.0,0.1073243508
1.6622936222,0.275770631,0.3984215625,0.6015784375,0.6622936222,0.1226509315
0.4461439644,0.7195108043,0.0,1.0,0.0,0.7195108043
0.8355067592,0.9494669399,6e-10,0.9999999993,6e-10,0.9494669393
2.7847005666,0.3005395638,0.640894963,0.359105037,1.7847005666,0.6782550565
0.9995310898,0.5083092524,0.0091674953,0.9907425027,0.0092531563,0.4991417572
1.190158962,0.1065512954,0.1597761039,0.8402238961,0.1901589619,0.0532248085
1.0919566126,0.9295535864,0.0842116147,0.915788495,0.0919553097,0.8707544468
0.8091520747,0.3674730879,1e-10,0.9999999999,1e-10,0.3674730878
0.6710778173,0.2151907186,0.0,1.0,0.0,0.2151907186
1.1545413828,0.7502235808,0.1338552159,0.8661447836,0.1545413867,0.6163683649
1.6165680867,0.3600251605,0.3814055788,0.6185944212,0.6165680867,0.0213804182
0.6486220924,0.1977400243,0.0,1.0,0.0,0.1977400243
0.1432241472,0.4283402228,0.0,1.0,0.0,0.4283402228
2.4606008301,0.9951108049,0.5935951952,0.4064048048,1.4606008301,1.6294792795
2.9740867116,0.8843986209,0.6616430417,0.3340762758,1.9805148989,2.9675466739
0.168301285,0.0937560464,0.0,1.0,0.0,0.0937560464
1.7641131426,0.5192158287,0.4331429341,0.5668570659,0.7641131426,0.0860728946
1.998170118,0.3139742047,0.4995421105,0.5004578895,0.998170118,0.1855679058
1.2885977838,0.8739544259,0.2239626573,0.7760373427,0.2885977838,0.8140181486
0.1892444684,0.3825242164,0.0,1.0,0.0,0.3825242164
1.7520798216,0.2208063166,0.4292497478,0.5707502522,0.7520798216,0.2084434312
2.0903538089,0.7381480254,0.5216120851,0.4783879149,1.0903538089,0.4537895042
1.7712360305,0.4329351142,0.4354225057,0.5645774943,0.7712360305,0.0024873915
0.9800351999,0.6940706658,0.002720831,0.9972159909,0.0027284269,0.6913498348
2.6985212975,0.1830464748,0.6294266786,0.3705733214,1.6985212975,0.5839371613
1.1255572355,0.9273049261,0.1115510836,0.8884489299,0.1255571141,0.8871072575
1.8435051683,0.7404340089,0.4575550874,0.5424449126,0.8435051683,0.4893770957
0.151841874,0.6275778524,0.0,1.0,0.0,0.6275778524
0.8449283549,0.8259729495,3.8e-09,0.9999999955,3.8e-09,0.8259729457
2.5698812674,0.2579816678,0.6108769644,0.3891230356,1.5698812674,0.5068002636
2.2211001124,0.6439235674,0.549772658,0.450227342,1.2211001124,0.1889532257
1.0210965162,0.0095580514,0.0181290934,0.9819185258,0.0184629304,0.008571042
1.6461958307,0.0418915465,0.3925388576,0.6074611424,0.6461958307,0.350647311
1.6508014476,0.4933678122,0.3942336303,0.6057663697,0.6508014476,0.0991341818
0.6496076117,0.0392231849,0.0,1.0,0.0,0.0392231849
1.4505782658,0.8593424275,0.3106197552,0.6893802448,0.4505782658,0.8192906319
1.3520101267,0.5116573781,0.2603605696,0.7396394304,0.3520101267,0.2512968085
2.0994220241,0.2810811054,0.5236784274,0.4763215726,1.0994220241,0.2444500187
2.9554153021,0.5568304955,0.6610933483,0.337792773,1.9570973718,2.6272549531
1.5467239819,0.213896904,0.3534722344,0.6465277656,0.5467239819,0.1395753304
1.8420153552,0.3905716379,0.4571163605,0.5428836395,0.8420153552,0.0665447226
0.6421535272,0.5355407212,0.0,1.0,0.0,0.5355407212
1.1160087191,0.7708885647,0.103949878,0.8960500925,0.1160090031,0.6669386868
2.3135476735,0.0937747805,0.5677633915,0.4322366085,1.3135476735,0.4963094444
2.2097036185,0.2603334675,0.5474506211,0.4525493789,1.2097036185,0.2906989377
2.046713549,0.222787256,0.5114118434,0.4885881566,1.046713549,0.2887864459
1.5299838236,0.8505565885,0.3463983184,0.6536016816,0.5299838236,0.8080021798
2.105396069,0.9118859338,0.5250299862,0.4749700138,1.105396069,1.0999312539
2.3434471253,0.8458219381,0.5732781895,0.4267218105,1.3434471253,0.8471617862
0.1024596051,0.7737163414,0.0,1.0,0.0,0.7737163414
0.1797583607,0.8712445837,0.0,1.0,0.0,0.8712445837
0.802238616,0.6362164258,0.0,1.0,0.0,0.6362164258
0.2792429547,0.766273792,0.0,1.0,0.0,0.766273792
1.466361814,0.0589003943,0.31804007,0.68195993,0.466361814,0.2591396757
2.2503049965,0.1433973412,0.5556157936,0.4443842064,1.2503049965,0.4158392728
0.5930190444,0.0842644862,0.0,1.0,0.0,0.0842644862
2.4175988614,0.5438161761,0.5863664498,0.4136335502,1.4175988614,0.0897675014
0.1001327646,0.1472877085,0.0,1.0,0.0,0.1472877085
1.2403942174,0.214993214,0.1938046905,0.8061953095,0.2403942174,0.0211885235
0.9212695233,0.2037129897,1.48177e-05,0.9999839157,1.48179e-05,0.203698172
0.5653829847,0.9352518404,0.0,1.0,0.0,0.9352518404
1.6266641897,0.3339187264,0.3852449655,0.6147550345,0.6266641897,0.0513262392
1.2869731778,0.5093491178,0.2229830293,0.7770169707,0.2869731778,0.2863660885
0.7735607381,0.5455831621,0.0,1.0,0.0,0.5455831621
2.824327507,0.1786305721,0.6459334136,0.3540665869,1.8243275062,0.9319620581
2.5290524481,0.855630634,0.6045949934,0.3954050066,1.5290524481,0.9368794635
1.9688787877,0.9633585128,0.492096717,0.507903283,0.9688787877,1.3164567636
2.2470087841,0.738927356,0.5549639116,0.4450360884,1.2470087841,0.4289472774
0.4975349933,0.9613222921,0.0,1.0,0.0,0.9613222921
2.1342976678,0.970556917,0.5314617942,0.4685382058,1.1342976678,1.3849337913
2.1384715215,0.0813461002,0.5323762837,0.4676237163,1.1384715215,0.4527973202
0.1099358701,0.2461872207,0.0,1.0,0.0,0.2461872207
0.5315886662,0.8398975014,0.0,1.0,0.0,0.8398975014
1.7101986183,0.5406664593,0.4152725951,0.5847274049,0.7101986183,0.1253938643
0.2985054173,0.7073919329,0.0,1.0,0.0,0.7073919329
1.3932636117,0.5919574588,0.2822607355,0.7177392645,0.3932636117,0.3096967234
0.7554752341,0.4718266806,0.0,1.0,0.0,0.4718266806
1.4380015732,0.099248337,0.3045904687,0.6954095313,0.4380015732,0.2053421317
1.9803139908,0.558471754,0.4950295738,0.5049704262,0.9803139908,0.0768855056
1.360638412,0.9800488633,0.2650508826,0.7349491174,0.360638412,1.1918903783
1.0642373357,0.0053339818,0.0594172951,0.9406462654,0.0631664604,0.0540833133
2.0610563952,0.425833367,0.5148119177,0.4851880823,1.0610563952,0.089874796
0.0171113218,0.5044837208,0.0,1.0,0.0,0.5044837208
2.9927105252,0.5869340499,0.6516684954,0.3204225261,2.0337786589,5.5160713856
1.4508869671,0.1301555053,0.3107664328,0.6892335672,0.4508869671,0.1806109275
2.1949694356,0.8132938324,0.5444127905,0.4555872095,1.1949694356,0.7011289095
0.0453521783,0.1329194691,0.0,1.0,0.0,0.1329194691
2.4808735133,0.8417063874,0.596916169,0.403083831,1.4808735133,0.8466023579
1.6943462383,0.1733838051,0.409801859,0.590198141,0.6943462383,0.236418054
1.1457912775,0.9989065205,0.1272361841,0.8727645856,0.145785228,1.123639646
1.879594686,0.2785355219,0.4679704048,0.5320295952,0.879594686,0.1894348828
2.464893994,0.6454599601,0.59430304,0.40569696,1.464893994,0.1567571563
1.8556743402,0.7325639571,0.4611123416,0.5388876584,0.8556743402,0.4665711117
0.1480470459,0.9056177535,0.0,1.0,0.0,0.9056177535
2.1809841809,0.6698048798,0.5414914016,0.4585085984,1.1809841809,0.2541360019
0.6773648575,0.7696646912,0.0,1.0,0.0,0.7696646912
0.7114879739,0.0673413573,0.0,1.0,0.0,0.0673413573
2.7944220573,0.6795178056,0.6421442504,0.3578557496,1.7944220573,0.3406227912
2.3103247538,0.7031619008,0.5671604183,0.4328395817,1.3103247538,0.3345435809
0.2076467158,0.6272747361,0.0,1.0,0.0,0.6272747361
1.3894226244,0.1275147625,0.2802765822,0.7197234178,0.3894226244,0.1527618197
0.6168232348,0.4988382948,0.0,1.0,0.0,0.4988382948
1.1585895639,0.3568435969,0.1368815769,0.8631184227,0.1585895669,0.21996202
0.5208343242,0.5751573238,0.0,1.0,0.0,0.5751573238
1.2899316818,0.2787651811,0.2247651452,0.7752348548,0.2899316818,0.0540000359
0.9557097946,0.875237753,0.0003449429,0.9996389411,0.0003450675,0.8748928101
2.5921565131,0.2737655714,0.6142208254,0.3857791746,1.5921565131,0.512155514
0.795504683,0.581846938,0.0,1.0,0.0,0.5818469379
0.546696341,0.4477098107,0.0,1.0,0.0,0.4477098107
0.8110462755,0.4034541741,1e-10,0.9999999999,1e-10,0.4034541741
0.7416884413,0.4124794956,0.0,1.0,0.0,0.4124794956
2.0747886533,0.4467977992,0.518023198,0.481976802,1.0747886533,0.07194514
0.2702969519,0.4763375114,0.0,1.0,0.0,0.4763375114
2.2465710651,0.4504962349,0.5548772013,0.4451227987,1.2465710651,0.1077347654
2.211247335,0.3222815899,0.547766555,0.452233445,1.211247335,0.2367559693
2.2480283195,0.6058325403,0.5551657462,0.4448342538,1.2480283195,0.0975093514
0.1199408109,0.477002839,0.0,1.0,0.0,0.477002839
2.9075776102,0.3841701434,0.6560689509,0.3439265543,1.9075844613,0.9698598562
1.681565571,0.8834189731,0.4053160833,0.5946839167,0.681565571,0.9423665465
0.4417569589,0.9827574921,0.0,1.0,0.0,0.9827574921
0.3492322725,0.5238011701,0.0,1.0,0.0,0.5238011701
0.8501176503,0.6851301568,8.2e-09,0.9999999903,8.2e-09,0.6851301486
1.0894904946,0.1311678151,0.0821422515,0.9178575042,0.0894934683,0.0490255636
0.5967224375,0.9352502936,0.0,1.0,0.0,0.9352502936
1.8716099931,0.7960410849,0.4657006515,0.5342993485,0.8716099931,0.6539937521
1.4138767412,0.4903105746,0.2927247681,0.7072752319,0.4138767412,0.1975858065
1.4263203984,0.5911246881,0.2988952544,0.7011047456,0.4263203984,0.2922294337
0.7810604121,0.3728648839,0.0,1.0,0.0,0.3728648839
1.5917505745,0.7545157828,0.3717608675,0.6282391325,0.5917505745,0.5366231036
0.0034309257,0.8438805374,0.0,1.0,0.0,0.8438805374
0.7848538339,0.14967203,0.0,1.0,0.0,0.14967203
1.1252537806,0.174381857,0.1113116421,0.8886883496,0.1252538554,0.0630702149
2.6840155097,0.8923950551,0.6274239115,0.3725760885,1.6840155097,1.2927076062
0.8104460547,0.7728470906,1e-10,0.9999999999,1e-10,0.7728470905
1.2424804964,0.8421016495,0.1951583925,0.8048416075,0.2424804964,0.7068435722
0.48536729,0.8756769052,0.0,1.0,0.0,0.8756769052
2.5360911937,0.0038119096,0.6056924126,0.3943075874,1.5360911937,0.7083972352
0.0946304377,0.052952149,0.0,1.0,0.0,0.052952149
0.9893837592,0.9976479592,0.0007061563,0.9992857564,0.000706661,0.9969418029
0.3626732032,0.6521458976,0.0,1.0,0.0,0.6521458976
1.630425263,0.9788420209,0.3866630856,0.6133369144,0.630425263,1.2979718519
2.7867829917,0.8406747485,0.6411633044,0.3588366956,1.7867829917,0.8380354695
2.3498939455,0.5361251902,0.5744488802,0.4255511198,1.3498939455,0.0695857614
2.5730348413,0.2515845054,0.611353883,0.388646117,1.5730348413,0.5140580852
0.8469354029,0.0149109613,8e-10,0.999999999,8e-10,0.0149109605
0.0235379425,0.8170626835,0.0,1.0,0.0,0.8170626835
0.8253559961,0.8245682861,4e-10,0.9999999995,4e-10,0.8245682857
1.4918593841,0.29277378,0.3296955392,0.6703044608,0.4918593841,0.0369217593
1.4160886515,0.2938050559,0.293829522,0.706170478,0.4160886515,2.44661e-05
1.8875649178,0.0824665151,0.4702168966,0.5297831034,0.8875649178,0.3877503815
0.899161058,0.5573029076,1.7606e-06,0.9999980419,1.7606e-06,0.5573011469
2.1437664919,0.4927402238,0.5335312853,0.4664687147,1.1437664919,0.0461830979
2.5484902892,0.8260354588,0.6076108258,0.3923891742,1.5484902892,0.7379557757
1.9286384365,0.7790496718,0.4814994967,0.5185005033,0.9286384365,0.5965911605
0.3009102712,0.3133754281,0.0,1.0,0.0,0.3133754281
2.2964861769,0.7895517556,0.5645521362,0.4354478638,1.2964861769,0.6068513223
2.4711136998,0.4759349332,0.5953241649,0.4046758351,1.4711136998,0.2020689897
1.0791572437,0.3617016255,0.0733641755,0.9266346902,0.0791727055,0.28833745
0.8492930282,0.5206227258,7.9e-09,0.9999999907,7.9e-09,0.5206227179
1.9668634059,0.1815511938,0.4915762849,0.5084237151,0.9668634059,0.3100250911
1.5998047121,0.6992081067,0.3749237064,0.6250762936,0.5998047121,0.4012023407
1.9266980009,0.3543867642,0.4809772992,0.5190227008,0.9266980009,0.126590535
1.2701359283,0.4244342252,0.2126826919,0.7873173081,0.2701359283,0.2117515333
1.6696560832,0.415522535,0.4010742631,0.5989257369,0.6696560832,0.0144482719
2.1424535086,0.6013282331,0.5332454142,0.4667545858,1.1424535086,0.1119570809
1.0268294053,0.2838525767,0.0276756384,0.9722790295,0.0284647077,0.2561769384
2.1056698738,0.8348110257,0.5250917476,0.4749082524,1.1056698738,0.7807239927
1.7728662146,0.3148909411,0.4359416454,0.5640583546,0.7728662146,0.1210507043
1.0198930467,0.2822156242,0.0221189947,0.9778205071,0.0226207106,0.2600966295
1.2614746605,0.5457002262,0.207276982,0.792723018,0.2614746605,0.3384232442
2.4202637126,0.3698638124,0.5868218844,0.4131781156,1.4202637126,0.2460947792
2.2292916477,0.782013276,0.551427019,0.448572981,1.2292916477,0.5851181296
0.7227641387,0.3370696288,0.0,1.0,0.0,0.3370696288
2.7144134719,0.9106112562,0.6315962876,0.3684037124,1.7144134719,1.4258011519
2.5360479357,0.511989066,0.6056856868,0.3943143132,1.5360479357,0.2202106222
0.5873622057,0.5479246627,0.0,1.0,0.0,0.5479246627
1.7438062751,0.2381201013,0.4265418044,0.5734581956,0.7438062751,0.1884217031
0.2542216093,0.0801511817,0.0,1.0,0.0,0.0801511817
2.4195875421,0.1598768568,0.5867064189,0.4132935811,1.4195875421,0.4833326295
0.0595504578,0.3180848102,0.0,1.0,0.0,0.3180848102
1.0912657808,0.2713236184,0.0836365155,0.9163631268,0.0912700577,0.187687103
0.130642957,0.6083517677,0.0,1.0,0.0,0.6083517677
0.2117759359,0.7482170175,0.0,1.0,0.0,0.7482170175
2.7177743436,0.3422011467,0.6320518654,0.3679481346,1.7177743436,0.387187879
1.7950223244,0.5135858217,0.4429038645,0.5570961355,0.7950223244,0.0706819572
1.3323448292,0.3184879217,0.2494435539,0.7505564461,0.3323448292,0.0690443678
2.4955177705,0.0844712723,0.5992815552,0.4007184448,1.4955177705,0.5269274274
2.7095209564,0.6835465393,0.6309310701,0.3690689299,1.7095209564,0.3309150372
2.6896611478,0.0284117092,0.6282059542,0.3717940458,1.6896611478,0.7334798518
0.9289538527,0.0429648557,1.67511e-05,0.9999819675,1.67514e-05,0.0429481046
0.1325005254,0.728551077,0.0,1.0,0.0,0.728551077
2.223042968,0.9447958132,0.5501661397,0.4498338603,1.223042968,1.2725928521
1.35238241,0.4110555868,0.2605641773,0.7394358227,0.35238241,0.1504914096
1.7715147722,0.5721131914,0.43551134,0.56448866,0.7715147722,0.1402920056
2.0439830097,0.6761185482,0.5107591427,0.4892408573,1.0439830097,0.2920569028
2.3326304881,0.7624790674,0.5712994385,0.4287005615,1.3326304881,0.4910111374
0.2335814578,0.5386573155,0.0,1.0,0.0,0.5386573155
2.9568932071,0.8890596257,0.6612976955,0.337661221,1.9584650364,2.7473493009
1.6900795833,0.256716147,0.4083118867,0.5916881133,0.6900795833,0.1515957396
2.7221218444,0.2763105079,0.6326395154,0.3673604846,1.7221218444,0.6785029051
2.3781854179,0.0019398775,0.5795113398,0.4204886602,1.3781854179,0.6215639218
2.2377233628,0.3329439981,0.5531172366,0.4468827634,1.2377233628,0.2369034019
2.2611405245,0.2860248288,0.5577453108,0.4422546892,1.2611405245,0.2832808422
0.8224012572,0.3069061088,3e-10,0.9999999996,3e-10,0.3069061085
2.1305454057,0.5725197176,0.5306366167,0.4693633833,1.1305454057,0.0626471362
2.7369689897,0.3579637719,0.6346323237,0.3653676763,1.7369689897,0.3076458996
0.9266468442,0.218720468,2.55769e-05,0.9999723976,2.55776e-05,0.218694891
2.1875169272,0.5088246032,0.5428606803,0.4571393197,1.1875169272,0.0435855528
0.0604303534,0.3347594957,0.0,1.0,0.0,0.3347594957
2.9603971075,0.5914138148,0.6614250067,0.3369798172,1.9628030313,2.4109381222
0.7000244072,0.7206672738,0.0,1.0,0.0,0.7206672738
2.8026169414,0.1459138898,0.6431906247,0.3568093753,1.8026169414,0.5470767521
1.1373525222,0.2519413614,0.1207651487,0.8792348479,0.1373525503,0.1311762127
2.1888744037,0.065065742,0.5431441848,0.4568558152,1.1888744037,0.4830376334
2.6206172905,0.6794951397,0.6184105159,0.3815894841,1.6206172905,0.286021834
0.076814286,0.4193998828,0.0,1.0,0.0,0.4193998828
1.9489513253,0.1115521621,0.4869035532,0.5130964468,0.9489513253,0.3753513911
2.0929984376,0.0156981844,0.5222165569,0.4777834431,1.0929984376,0.5083833719
2.7149374811,0.3975696853,0.6316673931,0.3683326069,1.7149374811,0.3682876199
0.6814920346,0.7336093583,0.0,1.0,0.0,0.7336093583
2.8632116565,0.323883143,0.6507418627,0.3492581601,1.8632116215,0.6091193597
1.8633473337,0.8632132311,0.4633314026,0.5366685974,0.8633473337,0.8865108797
1.1789317035,0.1360617084,0.1517744437,0.8482255563,0.1789317035,0.0157127353
0.4119848863,0.5499920821,0.0,1.0,0.0,0.5499920821
1.5966127767,0.3858869417,0.3736740589,0.6263259411,0.5966127767,0.0122128829
2.4469902693,0.5067492542,0.5913347051,0.4086652949,1.4469902693,0.1608869353
2.5273041713,0.91589487,0.6043214697,0.3956785303,1.5273041713,1.1320868589
1.8980786544,0.4357585323,0.4731514431,0.5268485569,0.8980786544,0.0373929108
0.0607622379,0.968197308,0.0,1.0,0.0,0.968197308
2.8959108075,0.37087407,0.6546850976,0.3453140564,1.8959120997,0.6953742005
1.4830449534,0.1394676469,0.3257116059,0.6742883941,0.4830449534,0.186243959
1.1459411948,0.9418779641,0.1273548482,0.8726451559,0.1459411622,0.9437663126
1.7031314126,0.984717257,0.4128462475,0.5871537525,0.7031314126,1.3463020395
1.6161077811,0.4323179014,0.3812293885,0.6187706115,0.6161077811,0.051088513
1.8294540176,0.4133866082,0.4533888306,0.5466111694,0.8294540176,0.0400022224
0.057353632,0.2898484448,0.0,1.0,0.0,0.2898484448
0.4834117472,0.8960038343,0.0,1.0,0.0,0.8960038343
2.1732029845,0.9124240343,0.5398497024,0.4601502976,1.1732029845,1.1073748139
0.2602816319,0.977227375,0.0,1.0,0.0,0.977227375
0.061523604,0.1495234484,0.0,1.0,0.0,0.1495234484
2.3564306689,0.0634387789,0.5756293562,0.4243706438,1.3564306689,0.5517922005
0.9666210426,0.8523910179,0.0009088598,0.9990588701,0.000909716,0.8514821581
1.0077626561,0.3017640775,0.0136506267,0.9862658966,0.0138407165,0.2881134508
0.4519507788,0.0463804283,0.0,1.0,0.0,0.0463804283
1.705350766,0.1767746145,0.4136103728,0.5863896272,0.705350766,0.2368357582
0.9887996914,0.1555391397,0.004718299,0.9952052666,0.0047410309,0.1508208407
1.2961231084,0.0799613326,0.2284683504,0.7715316496,0.2961231084,0.1485070178
0.5897048623,0.6230156651,0.0,1.0,0.0,0.6230156651
2.4100174664,0.3348554222,0.5850652479,0.4149347521,1.4100174664,0.2996389719
2.8624757586,0.7652531297,0.6506520937,0.3493479718,1.862475658,1.321497507
0.6328263071,0.6800119369,0.0,1.0,0.0,0.6800119369
1.2484163966,0.1569500091,0.1989852082,0.8010147918,0.2484163966,0.0420351991
2.6492730812,0.6366711408,0.6225379682,0.3774620318,1.6492730812,0.0684328136
1.8966999757,0.1339116207,0.4727684859,0.5272315141,0.8966999757,0.3388568652
2.3361831243,0.3462993004,0.5719513639,0.4280486361,1.3361831243,0.2568703717
2.0365861523,0.1324750772,0.5089822255,0.4910177745,1.0365861523,0.3766066336
2.5042945216,0.320881594,0.6006859451,0.3993140549,1.5042945216,0.3641726051
2.9568134034,0.2992877839,0.6622227164,0.3386463537,1.9554993257,1.9010252361
1.1987723361,0.0269512112,0.1658132489,0.8341867512,0.1987723356,0.1388620377
1.213522224,0.8675336138,0.1759524628,0.8240475372,0.213522224,0.7645724521
1.5371487208,0.995071962,0.3494448608,0.6505551392,0.5371487208,1.3294412291
0.0889789987,0.1802611455,0.0,1.0,0.0,0.1802611455
2.1212127838,0.7084004384,0.5285715758,0.4714284242,1.1212127838,0.3621821517
2.241842124,0.3617447489,0.5539382594,0.4460617406,1.241842124,0.2077538211
0.8905346899,0.0326306142,2.311e-07,0.9999997405,2.311e-07,0.0326303831
2.3478036751,0.6798084905,0.5740700082,0.4259299918,1.3478036751,0.2714085535
1.1259911582,0.6606568998,0.1118936485,0.8881063386,0.1259912733,0.5487632513
2.8095775013,0.6815497168,0.6440745986,0.3559254015,1.8095775012,0.3707615681
0.2293612489,0.9765540327,0.0,1.0,0.0,0.9765540327
0.8959279432,0.919093121,7.56e-07,0.9999991562,7.56e-07,0.919092365
0.7763763009,0.7785028349,0.0,1.0,0.0,0.7785028349
2.3648927406,0.3393083442,0.5771478415,0.4228521585,1.3648927406,0.276304141
0.439574063,0.145706887,0.0,1.0,0.0,0.145706887
1.6332381417,0.8033951162,0.3877194179,0.6122805821,0.6332381417,0.6751700208
0.6917238305,0.6367436364,0.0,1.0,0.0,0.6367436364
0.217069765,0.238077566,0.0,1.0,0.0,0.238077566
0.4162880991,0.7443157835,0.0,1.0,0.0,0.7443157835
0.4383777918,0.3515396201,0.0,1.0,0.0,0.3515396201
2.1425876768,0.9986532278,0.5332746422,0.4667253578,1.1425876768,1.5317153863
0.0727971898,0.6033596735,0.0,1.0,0.0,0.6033596735
1.1965667306,0.9428927999,0.1642756107,0.8357243893,0.1965667304,0.9783078234
1.6238363278,0.8408820537,0.3841743882,0.6158256118,0.6238363278,0.7905197064
2.0848585609,0.3076411989,0.5203511553,0.4796488447,1.0848585609,0.2136141801
0.8389338555,0.1644057281,1.8e-09,0.9999999978,1.8e-09,0.1644057262
1.8055758792,0.6023705186,0.4461600803,0.5538399197,0.8055758792,0.1835865298
2.7986664614,0.6551249288,0.6426869676,0.3573130324,1.7986664614,0.1134302754
0.1777178146,0.4272391264,0.0,1.0,0.0,0.4272391264
2.3685866164,0.7982896689,0.577807291,0.422192709,1.3685866164,0.6330031389
0.1978174291,0.4366608684,0.0,1.0,0.0,0.4366608684
2.6180100961,0.6872560969,0.6180305028,0.3819694972,1.6180100961,0.3229121142
1.6738114034,0.7986524961,0.4025611261,0.5974388739,0.6738114034,0.6628934908
1.9254217378,0.5167960321,0.4806332658,0.5193667342,0.9254217378,0.0361627663
2.9701983091,0.2826378912,0.6652732588,0.3387014406,1.9641878629,3.0662242838
1.9871396662,0.7464848007,0.4967641092,0.5032358908,0.9871396662,0.4911354518
2.9446203116,0.6451902056,0.6603487965,0.3395506563,1.9447725522,0.5128844673
1.8294243775,0.8044710319,0.4533799744,0.5466200256,0.8294243775,0.6823236442
0.9621911096,0.4841545803,0.000698408,0.9992736207,0.0006989157,0.4834561723
2.8768292624,0.8124993218,0.6523952169,0.3476050719,1.8768288197,1.4967629573
0.5574108195,0.4031691374,0.0,1.0,0.0,0.4031691374
1.4084267476,0.3723184193,0.2899879233,0.7100120767,0.4084267476,0.0823304961
2.5804415643,0.8106361792,0.6124694262,0.3875305738,1.5804415643,0.6539266721
2.3162575241,0.0549347979,0.5682690765,0.4317309235,1.3162575241,0.5142952976
0.7201319249,0.903272177,0.0,1.0,0.0,0.903272177
0.956807073,0.4742235469,0.0004439968,0.9995357444,0.0004442031,0.4737795501
2.5410395959,0.9798981178,0.6064602844,0.3935397156,1.5410395959,1.6181046839
0.4588455318,0.0540744922,0.0,1.0,0.0,0.0540744922
2.3151390604,0.5207878891,0.5680605035,0.4319394965,1.3151390604,0.0762416926
1.1982225125,0.0713026062,0.1654304692,0.8345695308,0.1982225124,0.094127863
2.0808887101,0.4935447933,0.5194360971,0.4805639029,1.0808887101,0.0274153442
2.288295098,0.7429644103,0.5629934265,0.4370065735,1.288295098,0.4319776561
2.6236663051,0.3748720904,0.6188539686,0.3811460314,1.6236663051,0.2571283544
0.8756627704,0.6022679286,1.445e-07,0.999999835,1.445e-07,0.6022677841
2.0459289982,0.8247879062,0.5112244849,0.4887755151,1.0459289982,0.7452267243
1.9610755822,0.8391776259,0.4900757477,0.5099242523,0.9610755822,0.7999255864
0.0649103513,0.9112805104,0.0,1.0,0.0,0.9112805104
0.1872132968,0.0017734094,0.0,1.0,0.0,0.0017734094
0.8456308987,0.5979473487,5.1e-09,0.9999999939,5.1e-09,0.5979473435
1.3950653337,0.4935664017,0.2831876932,0.7168123068,0.3950653337,0.2103787085
1.1320466958,0.0422963622,0.1166440444,0.8833559813,0.132046476,0.0743476822
1.2836643955,0.7942419712,0.2209801849,0.7790198151,0.2836643955,0.5956650172
1.7594644383,0.1023947805,0.4316452335,0.5683547665,0.7594644383,0.329250453
2.8173865395,0.9509116082,0.6450611282,0.354938872,1.8173865392,1.5819111025
0.6797374683,0.4453073514,0.0,1.0,0.0,0.4453073514
0.9038643365,0.1831673262,2.4535e-06,0.9999972855,2.4535e-06,0.1831648726
0.9167340374,0.9556985315,4.8129e-06,0.99999475,4.8129e-06,0.9556937186
1.0113747922,0.2990510364,0.0159715942,0.983950448,0.0162321123,0.2830794422
2.0466100262,0.3851624971,0.5113871293,0.4886128707,1.0466100262,0.1262455584
1.1370033979,0.6350229339,0.1204951791,0.8795048167,0.1370034328,0.5145277549
1.5960483537,0.3267816924,0.3734525663,0.6265474337,0.5960483537,0.0466708739
1.2585060389,0.62560072,0.2054070707,0.7945929293,0.2585060389,0.4201936493
0.8502966913,0.0979309284,5.3e-09,0.9999999938,5.3e-09,0.0979309232
1.7778910825,0.5717506229,0.437535848,0.562464152,0.7778910825,0.1386466363
0.2783438355,0.1938378901,0.0,1.0,0.0,0.1938378901
2.5459547447,0.8310012654,0.6072200411,0.3927799589,1.5459547447,0.7723504312
2.4889343214,0.2870310604,0.5982216198,0.4017783802,1.4889343214,0.4084396072
0.5420065703,0.5055626117,0.0,1.0,0.0,0.5055626117
0.9330307279,0.7190518034,4.9415e-05,0.9999470354,4.94176e-05,0.7190023884
1.5717047283,0.0627991546,0.3637481761,0.6362518239,0.5717047283,0.3009490215
2.899724031,0.7638717576,0.6551414922,0.344862511,1.8997179204,1.6720134394
1.6592000704,0.2644882279,0.3972999291,0.6027000709,0.6592000704,0.1328117012
0.7141051141,0.15614894,0.0,1.0,0.0,0.15614894
0.7703448978,0.3035749904,0.0,1.0,0.0,0.3035749904
1.9562164055,0.8733379284,0.4888091127,0.5111908873,0.9562164055,0.929358453
1.8755036271,0.6517629473,0.4668098821,0.5331901179,0.8755036271,0.2672141855
2.8903154638,0.92799248,0.6540162881,0.3459821893,1.8903177917,2.2946699222
2.0999959998,0.9290443025,0.5238086167,0.4761913833,1.0999959998,1.1786264464
0.9100854169,0.9557398944,2.3846e-06,0.9999973798,2.3846e-06,0.9557375099
1.7788857465,0.2834753719,0.4378503499,0.5621496501,0.7788857465,0.154374978
0.7276230494,0.2401424674,0.0,1.0,0.0,0.2401424674
0.6816527833,0.8127994579,0.0,1.0,0.0,0.8127994579
2.4108085721,0.552387183,0.5852014085,0.4147985915,1.4108085721,0.0705708555
1.6025757164,0.2552846288,0.3760045221,0.6239954779,0.6025757164,0.1207198933
